0;1;21.0104;21.2923;21.048
1;2;21.0359;21.4301;21.1007
2;3;21.0753;21.5336;21.1558
3;4;21.1142;21.6242;21.2121
4;5;21.1504;21.7084;21.269
5;6;21.1875;21.7891;21.3264
6;7;21.225;21.8678;21.3839
7;8;21.2628;21.9452;21.4416
8;9;21.3008;22.0219;21.4992
9;10;21.3389;22.098;21.5569
10;11;21.377;22.1738;21.6146
11;12;21.4152;22.2493;21.6723
12;13;21.4533;22.3246;21.7299
13;14;21.4915;22.3998;21.7874
14;15;21.5296;22.4748;21.8449
15;16;21.5677;22.5496;21.9024
16;17;21.6058;22.6244;21.9598
17;18;21.6438;22.699;22.0171
18;19;21.6818;22.7735;22.0744
19;20;21.7198;22.848;22.1316
20;21;21.7577;22.9223;22.1888
21;22;21.7956;22.9965;22.2458
22;23;21.8335;23.0707;22.3029
23;24;21.8713;23.1448;22.3598
24;25;21.909;23.2188;22.4167
25;26;21.9468;23.2926;22.4736
26;27;21.9845;23.3665;22.5304
27;28;22.0221;23.4402;22.5871
28;29;22.0597;23.5138;22.6437
29;30;22.0973;23.5874;22.7003
30;31;22.1348;23.6608;22.7569
31;32;22.1723;23.7342;22.8133
32;33;22.2098;23.8075;22.8697
33;34;22.2472;23.8808;22.9261
34;35;22.2845;23.9539;22.9823
35;36;22.3218;24.027;23.0386
36;37;22.3591;24.1;23.0947
37;38;22.3964;24.1729;23.1508
38;39;22.4336;24.2457;23.2068
39;40;22.4707;24.3184;23.2628
40;41;22.5078;24.3911;23.3187
41;42;22.5449;24.4636;23.3746
42;43;22.5819;24.5361;23.4303
43;44;22.6189;24.6085;23.4861
44;45;22.6559;24.6809;23.5417
45;46;22.6928;24.7531;23.5973
46;47;22.7297;24.8253;23.6529
47;48;22.7665;24.8974;23.7083
48;49;22.8033;24.9694;23.7637
49;50;22.84;25.0413;23.8191
50;51;22.8767;25.1132;23.8744
51;52;22.9134;25.185;23.9296
52;53;22.95;25.2566;23.9848
53;54;22.9866;25.3283;24.0399
54;55;23.0231;25.3998;24.0949
55;56;23.0596;25.4712;24.1499
56;57;23.0961;25.5426;24.2048
57;58;23.1325;25.6139;24.2597
58;59;23.1689;25.6851;24.3145
59;60;23.2052;25.7563;24.3692
60;61;23.2415;25.8273;24.4239
61;62;23.2778;25.8983;24.4785
62;63;23.314;25.9692;24.5331
63;64;23.3502;26.04;24.5876
64;65;23.3863;26.1108;24.642
65;66;23.4224;26.1814;24.6964
66;67;23.4585;26.252;24.7507
67;68;23.4945;26.3225;24.805
68;69;23.5305;26.393;24.8591
69;70;23.5664;26.4633;24.9133
70;71;23.6023;26.5336;24.9674
71;72;23.6382;26.6038;25.0214
72;73;23.674;26.6739;25.0753
73;74;23.7098;26.744;25.1292
74;75;23.7455;26.8139;25.1831
75;76;23.7812;26.8838;25.2368
76;77;23.8169;26.9536;25.2905
77;78;23.8525;27.0233;25.3442
78;79;23.8881;27.093;25.3978
79;80;23.9236;27.1626;25.4513
80;81;23.9592;27.2321;25.5048
81;82;23.9946;27.3015;25.5582
82;83;24.03;27.3708;25.6116
83;84;24.0654;27.4401;25.6649
84;85;24.1008;27.5093;25.7181
85;86;24.1361;27.5784;25.7713
86;87;24.1713;27.6474;25.8244
87;88;24.2066;27.7164;25.8775
88;89;24.2418;27.7853;25.9305
89;90;24.2769;27.8541;25.9835
90;91;24.312;27.9228;26.0363
91;92;24.3471;27.9915;26.0892
92;93;24.3821;28.0601;26.1419
93;94;24.4171;28.1286;26.1947
94;95;24.4521;28.197;26.2473
95;96;24.487;28.2653;26.2999
96;97;24.5219;28.3336;26.3524
97;98;24.5567;28.4018;26.4049
98;99;24.5915;28.4699;26.4573
99;100;24.6263;28.538;26.5097
100;101;24.661;28.606;26.562
101;102;24.6957;28.6739;26.6142
102;103;24.7303;28.7417;26.6664
103;104;24.7649;28.8094;26.7186
104;105;24.7995;28.8771;26.7706
105;106;24.834;28.9447;26.8227
106;107;24.8685;29.0122;26.8746
107;108;24.903;29.0797;26.9265
108;109;24.9374;29.147;26.9783
109;110;24.9718;29.2143;27.0301
110;111;25.0061;29.2816;27.0819
111;112;25.0404;29.3487;27.1335
112;113;25.0747;29.4158;27.1851
113;114;25.1089;29.4828;27.2367
114;115;25.1431;29.5497;27.2882
115;116;25.1773;29.6166;27.3396
116;117;25.2114;29.6833;27.391
117;118;25.2454;29.75;27.4423
118;119;25.2795;29.8167;27.4936
119;120;25.3135;29.8832;27.5448
120;121;25.3474;29.9497;27.596
121;122;25.3814;30.0161;27.6471
122;123;25.4152;30.0824;27.6981
123;124;25.4491;30.1487;27.7491
124;125;25.4829;30.2149;27.8
125;126;25.5167;30.281;27.8509
126;127;25.5504;30.347;27.9017
127;128;25.5841;30.413;27.9525
128;129;25.6178;30.4789;28.0032
129;130;25.6514;30.5447;28.0538
130;131;25.685;30.6105;28.1044
131;132;25.7185;30.6761;28.155
132;133;25.752;30.7417;28.2054
133;134;25.7855;30.8073;28.2559
134;135;25.819;30.8727;28.3062
135;136;25.8524;30.9381;28.3565
136;137;25.8857;31.0034;28.4068
137;138;25.919;31.0686;28.457
138;139;25.9523;31.1338;28.5071
139;140;25.9856;31.1989;28.5572
140;141;26.0188;31.2639;28.6073
141;142;26.052;31.3289;28.6572
142;143;26.0851;31.3938;28.7072
143;144;26.1182;31.4586;28.757
144;145;26.1513;31.5233;28.8068
145;146;26.1843;31.588;28.8566
146;147;26.2173;31.6525;28.9063
147;148;26.2503;31.7171;28.9559
148;149;26.2832;31.7815;29.0055
149;150;26.3161;31.8459;29.0551
150;151;26.3489;31.9102;29.1045
151;152;26.3818;31.9744;29.154
152;153;26.4145;32.0386;29.2033
153;154;26.4473;32.1027;29.2526
154;155;26.48;32.1667;29.3019
155;156;26.5126;32.2306;29.3511
156;157;26.5453;32.2945;29.4003
157;158;26.5779;32.3583;29.4494
158;159;26.6104;32.422;29.4984
159;160;26.6429;32.4857;29.5474
160;161;26.6754;32.5493;29.5963
161;162;26.7079;32.6128;29.6452
162;163;26.7403;32.6763;29.694
163;164;26.7727;32.7397;29.7428
164;165;26.805;32.803;29.7915
165;166;26.8373;32.8662;29.8402
166;167;26.8696;32.9294;29.8888
167;168;26.9018;32.9925;29.9373
168;169;26.934;33.0555;29.9858
169;170;26.9662;33.1185;30.0343
170;171;26.9983;33.1814;30.0827
171;172;27.0304;33.2442;30.131
172;173;27.0625;33.3069;30.1793
173;174;27.0945;33.3696;30.2276
174;175;27.1265;33.4322;30.2757
175;176;27.1584;33.4948;30.3239
176;177;27.1903;33.5573;30.3719
177;178;27.2222;33.6197;30.4199
178;179;27.2541;33.682;30.4679
179;180;27.2859;33.7443;30.5158
180;181;27.3176;33.8065;30.5637
181;182;27.3494;33.8686;30.6115
182;183;27.3811;33.9306;30.6592
183;184;27.4128;33.9926;30.7069
184;185;27.4444;34.0546;30.7546
185;186;27.476;34.1164;30.8022
186;187;27.5075;34.1782;30.8497
187;188;27.5391;34.2399;30.8972
188;189;27.5706;34.3016;30.9447
189;190;27.602;34.3631;30.992
190;191;27.6334;34.4247;31.0394
191;192;27.6648;34.4861;31.0866
192;193;27.6962;34.5475;31.1339
193;194;27.7275;34.6088;31.1811
194;195;27.7588;34.67;31.2282
195;196;27.79;34.7312;31.2752
196;197;27.8213;34.7923;31.3223
197;198;27.8524;34.8533;31.3692
198;199;27.8836;34.9143;31.4161
199;200;27.9147;34.9752;31.463
200;201;27.9458;35.036;31.5098
201;202;27.9768;35.0968;31.5566
202;203;28.0078;35.1575;31.6033
203;204;28.0388;35.2181;31.6499
204;205;28.0697;35.2787;31.6965
205;206;28.1006;35.3392;31.7431
206;207;28.1315;35.3996;31.7896
207;208;28.1623;35.46;31.836
208;209;28.1931;35.5202;31.8824
209;210;28.2239;35.5805;31.9288
210;211;28.2546;35.6406;31.975
211;212;28.2853;35.7007;32.0213
212;213;28.316;35.7608;32.0675
213;214;28.3466;35.8207;32.1136
214;215;28.3772;35.8806;32.1597
215;216;28.4078;35.9404;32.2057
216;217;28.4383;36.0002;32.2517
217;218;28.4688;36.0599;32.2977
218;219;28.4993;36.1195;32.3435
219;220;28.5297;36.1791;32.3894
220;221;28.5601;36.2386;32.4352
221;222;28.5904;36.298;32.4809
222;223;28.6208;36.3574;32.5266
223;224;28.6511;36.4167;32.5722
224;225;28.6813;36.4759;32.6178
225;226;28.7115;36.5351;32.6633
226;227;28.7417;36.5942;32.7088
227;228;28.7719;36.6532;32.7542
228;229;28.802;36.7122;32.7996
229;230;28.8321;36.7711;32.8449
230;231;28.8622;36.8299;32.8902
231;232;28.8922;36.8887;32.9354
232;233;28.9222;36.9474;32.9806
233;234;28.9521;37.0061;33.0257
234;235;28.9821;37.0646;33.0708
235;236;29.012;37.1231;33.1158
236;237;29.0418;37.1816;33.1608
237;238;29.0716;37.24;33.2057
238;239;29.1014;37.2983;33.2506
239;240;29.1312;37.3566;33.2954
240;241;29.1609;37.4147;33.3402
241;242;29.1906;37.4729;33.3849
242;243;29.2203;37.5309;33.4296
243;244;29.2499;37.5889;33.4742
244;245;29.2795;37.6469;33.5188
245;246;29.3091;37.7047;33.5633
246;247;29.3386;37.7625;33.6078
247;248;29.3681;37.8203;33.6522
248;249;29.3975;37.8779;33.6966
249;250;29.427;37.9356;33.7409
250;251;29.4564;37.9931;33.7852
251;252;29.4857;38.0506;33.8295
252;253;29.5151;38.108;33.8736
253;254;29.5444;38.1654;33.9178
254;255;29.5736;38.2227;33.9619
255;256;29.6029;38.2799;34.0059
256;257;29.6321;38.337;34.0499
257;258;29.6612;38.3942;34.0938
258;259;29.6904;38.4512;34.1377
259;260;29.7195;38.5082;34.1816
260;261;29.7486;38.5651;34.2254
261;262;29.7776;38.6219;34.2691
262;263;29.8066;38.6787;34.3128
263;264;29.8356;38.7354;34.3564
264;265;29.8645;38.7921;34.4
265;266;29.8934;38.8487;34.4436
266;267;29.9223;38.9052;34.4871
267;268;29.9512;38.9617;34.5305
268;269;29.98;39.0181;34.574
269;270;30.0088;39.0745;34.6173
270;271;30.0375;39.1307;34.6606
271;272;30.0663;39.187;34.7039
272;273;30.0949;39.2431;34.7471
273;274;30.1236;39.2992;34.7903
274;275;30.1522;39.3553;34.8334
275;276;30.1808;39.4112;34.8764
276;277;30.2094;39.4671;34.9195
277;278;30.2379;39.523;34.9624
278;279;30.2664;39.5788;35.0054
279;280;30.2949;39.6345;35.0482
280;281;30.3233;39.6902;35.0911
281;282;30.3517;39.7458;35.1339
282;283;30.3801;39.8013;35.1766
283;284;30.4084;39.8568;35.2193
284;285;30.4367;39.9122;35.2619
285;286;30.465;39.9676;35.3045
286;287;30.4933;40.0228;35.3471
287;288;30.5215;40.0781;35.3896
288;289;30.5497;40.1332;35.432
289;290;30.5778;40.1884;35.4744
290;291;30.6059;40.2434;35.5168
291;292;30.634;40.2984;35.5591
292;293;30.6621;40.3533;35.6014
293;294;30.6901;40.4082;35.6436
294;295;30.7181;40.463;35.6858
295;296;30.7461;40.5177;35.7279
296;297;30.774;40.5724;35.77
297;298;30.8019;40.627;35.812
298;299;30.8298;40.6816;35.854
299;300;30.8576;40.7361;35.8959
300;301;30.8854;40.7905;35.9378
301;302;30.9132;40.8449;35.9796
302;303;30.941;40.8992;36.0214
303;304;30.9687;40.9535;36.0632
304;305;30.9964;41.0077;36.1049
305;306;31.024;41.0618;36.1466
306;307;31.0516;41.1159;36.1882
307;308;31.0792;41.1699;36.2297
308;309;31.1068;41.2239;36.2713
309;310;31.1343;41.2778;36.3127
310;311;31.1618;41.3316;36.3542
311;312;31.1893;41.3854;36.3956
312;313;31.2168;41.4391;36.4369
313;314;31.2442;41.4928;36.4782
314;315;31.2716;41.5464;36.5194
315;316;31.2989;41.5999;36.5606
316;317;31.3262;41.6534;36.6018
317;318;31.3535;41.7069;36.6429
318;319;31.3808;41.7602;36.6839
319;320;31.408;41.8135;36.725
320;321;31.4352;41.8668;36.7659
321;322;31.4624;41.92;36.8069
322;323;31.4895;41.9731;36.8477
323;324;31.5166;42.0261;36.8886
324;325;31.5437;42.0792;36.9294
325;326;31.5708;42.1321;36.9701
326;327;31.5978;42.185;37.0108
327;328;31.6248;42.2378;37.0515
328;329;31.6517;42.2906;37.0921
329;330;31.6787;42.3433;37.1326
330;331;31.7056;42.396;37.1732
331;332;31.7324;42.4486;37.2136
332;333;31.7593;42.5011;37.2541
333;334;31.7861;42.5536;37.2944
334;335;31.8129;42.606;37.3348
335;336;31.8396;42.6584;37.3751
336;337;31.8663;42.7107;37.4153
337;338;31.893;42.763;37.4555
338;339;31.9197;42.8152;37.4957
339;340;31.9463;42.8673;37.5358
340;341;31.9729;42.9194;37.5759
341;342;31.9995;42.9714;37.6159
342;343;32.026;43.0233;37.6559
343;344;32.0526;43.0752;37.6958
344;345;32.079;43.1271;37.7357
345;346;32.1055;43.1789;37.7756
346;347;32.1319;43.2306;37.8154
347;348;32.1583;43.2823;37.8552
348;349;32.1847;43.3339;37.8949
349;350;32.211;43.3855;37.9345
350;351;32.2373;43.437;37.9742
351;352;32.2636;43.4884;38.0138
352;353;32.2899;43.5398;38.0533
353;354;32.3161;43.5911;38.0928
354;355;32.3423;43.6424;38.1323
355;356;32.3685;43.6936;38.1717
356;357;32.3946;43.7448;38.211
357;358;32.4207;43.7959;38.2504
358;359;32.4468;43.8469;38.2896
359;360;32.4728;43.8979;38.3289
360;361;32.4988;43.9488;38.3681
361;362;32.5248;43.9997;38.4072
362;363;32.5508;44.0505;38.4463
363;364;32.5767;44.1013;38.4854
364;365;32.6026;44.152;38.5244
365;366;32.6285;44.2027;38.5634
366;367;32.6543;44.2533;38.6023
367;368;32.6802;44.3038;38.6412
368;369;32.706;44.3543;38.68
369;370;32.7317;44.4047;38.7188
370;371;32.7574;44.4551;38.7576
371;372;32.7831;44.5054;38.7963
372;373;32.8088;44.5557;38.835
373;374;32.8345;44.6059;38.8736
374;375;32.8601;44.656;38.9122
375;376;32.8857;44.7061;38.9508
376;377;32.9112;44.7561;38.9893
377;378;32.9368;44.8061;39.0277
378;379;32.9623;44.856;39.0661
379;380;32.9877;44.9059;39.1045
380;381;33.0132;44.9557;39.1428
381;382;33.0386;45.0055;39.1811
382;383;33.064;45.0552;39.2194
383;384;33.0894;45.1048;39.2576
384;385;33.1147;45.1544;39.2957
385;386;33.14;45.204;39.3339
386;387;33.1653;45.2535;39.3719
387;388;33.1905;45.3029;39.41
388;389;33.2158;45.3523;39.448
389;390;33.241;45.4016;39.4859
390;391;33.2661;45.4509;39.5238
391;392;33.2913;45.5001;39.5617
392;393;33.3164;45.5492;39.5995
393;394;33.3415;45.5983;39.6373
394;395;33.3665;45.6474;39.675
395;396;33.3915;45.6964;39.7127
396;397;33.4165;45.7453;39.7504
397;398;33.4415;45.7942;39.788
398;399;33.4665;45.843;39.8256
399;400;33.4914;45.8918;39.8631
400;401;33.5163;45.9405;39.9006
401;402;33.5411;45.9892;39.9381
402;403;33.566;46.0378;39.9755
403;404;33.5908;46.0864;40.0128
404;405;33.6155;46.1349;40.0502
405;406;33.6403;46.1833;40.0874
406;407;33.665;46.2317;40.1247
407;408;33.6897;46.2801;40.1619
408;409;33.7144;46.3283;40.199
409;410;33.739;46.3766;40.2362
410;411;33.7636;46.4248;40.2732
411;412;33.7882;46.4729;40.3103
412;413;33.8128;46.521;40.3473
413;414;33.8373;46.569;40.3842
414;415;33.8618;46.617;40.4211
415;416;33.8863;46.6649;40.458
416;417;33.9108;46.7127;40.4948
417;418;33.9352;46.7606;40.5316
418;419;33.9596;46.8083;40.5684
419;420;33.9839;46.856;40.6051
420;421;34.0083;46.9037;40.6417
421;422;34.0326;46.9513;40.6784
422;423;34.0569;46.9988;40.7149
423;424;34.0812;47.0463;40.7515
424;425;34.1054;47.0937;40.788
425;426;34.1296;47.1411;40.8245
426;427;34.1538;47.1885;40.8609
427;428;34.1779;47.2358;40.8973
428;429;34.2021;47.283;40.9336
429;430;34.2262;47.3302;40.9699
430;431;34.2502;47.3773;41.0062
431;432;34.2743;47.4244;41.0424
432;433;34.2983;47.4714;41.0786
433;434;34.3223;47.5184;41.1147
434;435;34.3463;47.5653;41.1508
435;436;34.3702;47.6121;41.1869
436;437;34.3941;47.6589;41.2229
437;438;34.418;47.7057;41.2589
438;439;34.4419;47.7524;41.2948
439;440;34.4657;47.7991;41.3307
440;441;34.4895;47.8457;41.3666
441;442;34.5133;47.8922;41.4024
442;443;34.5371;47.9387;41.4382
443;444;34.5608;47.9852;41.4739
444;445;34.5845;48.0316;41.5096
445;446;34.6082;48.0779;41.5453
446;447;34.6318;48.1242;41.5809
447;448;34.6554;48.1705;41.6165
448;449;34.679;48.2167;41.6521
449;450;34.7026;48.2628;41.6876
450;451;34.7261;48.3089;41.723
451;452;34.7497;48.3549;41.7585
452;453;34.7732;48.4009;41.7939
453;454;34.7966;48.4469;41.8292
454;455;34.8201;48.4928;41.8645
455;456;34.8435;48.5386;41.8998
456;457;34.8669;48.5844;41.935
457;458;34.8902;48.6301;41.9702
458;459;34.9136;48.6758;42.0054
459;460;34.9369;48.7214;42.0405
460;461;34.9602;48.767;42.0755
461;462;34.9834;48.8125;42.1106
462;463;35.0067;48.858;42.1456
463;464;35.0299;48.9035;42.1805
464;465;35.0531;48.9488;42.2155
465;466;35.0762;48.9942;42.2503
466;467;35.0993;49.0394;42.2852
467;468;35.1224;49.0847;42.32
468;469;35.1455;49.1299;42.3547
469;470;35.1686;49.175;42.3895
470;471;35.1916;49.2201;42.4242
471;472;35.2146;49.2651;42.4588
472;473;35.2376;49.3101;42.4934
473;474;35.2605;49.355;42.528
474;475;35.2835;49.3999;42.5625
475;476;35.3064;49.4447;42.597
476;477;35.3292;49.4895;42.6315
477;478;35.3521;49.5342;42.6659
478;479;35.3749;49.5789;42.7003
479;480;35.3977;49.6235;42.7346
480;481;35.4205;49.6681;42.7689
481;482;35.4432;49.7126;42.8032
482;483;35.466;49.7571;42.8374
483;484;35.4887;49.8016;42.8716
484;485;35.5113;49.8459;42.9058
485;486;35.534;49.8903;42.9399
486;487;35.5566;49.9346;42.974
487;488;35.5792;49.9788;43.008
488;489;35.6018;50.023;43.042
489;490;35.6243;50.0671;43.076
490;491;35.6469;50.1112;43.1099
491;492;35.6694;50.1553;43.1438
492;493;35.6918;50.1993;43.1776
493;494;35.7143;50.2432;43.2114
494;495;35.7367;50.2871;43.2452
495;496;35.7591;50.3309;43.279
496;497;35.7815;50.3747;43.3127
497;498;35.8038;50.4185;43.3463
498;499;35.8261;50.4622;43.3799
499;500;35.8484;50.5058;43.4135
500;501;35.8707;50.5494;43.4471
501;502;35.893;50.593;43.4806
502;503;35.9152;50.6365;43.5141
503;504;35.9374;50.68;43.5475
504;505;35.9596;50.7234;43.5809
505;506;35.9817;50.7667;43.6143
506;507;36.0038;50.81;43.6476
507;508;36.0259;50.8533;43.6809
508;509;36.048;50.8965;43.7142
509;510;36.0701;50.9397;43.7474
510;511;36.0921;50.9828;43.7806
511;512;36.1141;51.0259;43.8137
512;513;36.1361;51.0689;43.8468
513;514;36.158;51.1119;43.8799
514;515;36.18;51.1548;43.9129
515;516;36.2019;51.1977;43.9459
516;517;36.2238;51.2405;43.9789
517;518;36.2456;51.2833;44.0118
518;519;36.2675;51.3261;44.0447
519;520;36.2893;51.3688;44.0775
520;521;36.311;51.4114;44.1104
521;522;36.3328;51.454;44.1431
522;523;36.3545;51.4966;44.1759
523;524;36.3763;51.5391;44.2086
524;525;36.3979;51.5815;44.2413
525;526;36.4196;51.6239;44.2739
526;527;36.4413;51.6663;44.3065
527;528;36.4629;51.7086;44.339
528;529;36.4845;51.7509;44.3716
529;530;36.506;51.7931;44.4041
530;531;36.5276;51.8353;44.4365
531;532;36.5491;51.8774;44.4689
532;533;36.5706;51.9195;44.5013
533;534;36.5921;51.9615;44.5337
534;535;36.6135;52.0035;44.566
535;536;36.6349;52.0454;44.5982
536;537;36.6563;52.0873;44.6305
537;538;36.6777;52.1292;44.6627
538;539;36.6991;52.171;44.6948
539;540;36.7204;52.2127;44.727
540;541;36.7417;52.2544;44.7591
541;542;36.763;52.2961;44.7911
542;543;36.7843;52.3377;44.8231
543;544;36.8055;52.3793;44.8551
544;545;36.8267;52.4208;44.8871
545;546;36.8479;52.4623;44.919
546;547;36.8691;52.5037;44.9509
547;548;36.8902;52.5451;44.9827
548;549;36.9113;52.5865;45.0145
549;550;36.9324;52.6278;45.0463
550;551;36.9535;52.669;45.0781
551;552;36.9745;52.7102;45.1098
552;553;36.9956;52.7514;45.1414
553;554;37.0166;52.7925;45.1731
554;555;37.0375;52.8335;45.2047
555;556;37.0585;52.8746;45.2362
556;557;37.0794;52.9155;45.2678
557;558;37.1003;52.9565;45.2993
558;559;37.1212;52.9974;45.3307
559;560;37.1421;53.0382;45.3621
560;561;37.1629;53.079;45.3935
561;562;37.1837;53.1197;45.4249
562;563;37.2045;53.1604;45.4562
563;564;37.2253;53.2011;45.4875
564;565;37.246;53.2417;45.5187
565;566;37.2668;53.2823;45.55
566;567;37.2875;53.3228;45.5811
567;568;37.3082;53.3633;45.6123
568;569;37.3288;53.4037;45.6434
569;570;37.3494;53.4441;45.6745
570;571;37.37;53.4844;45.7055
571;572;37.3906;53.5247;45.7365
572;573;37.4112;53.565;45.7675
573;574;37.4317;53.6052;45.7984
574;575;37.4523;53.6454;45.8293
575;576;37.4728;53.6855;45.8602
576;577;37.4932;53.7256;45.8911
577;578;37.5137;53.7656;45.9219
578;579;37.5341;53.8056;45.9526
579;580;37.5545;53.8455;45.9834
580;581;37.5749;53.8854;46.0141
581;582;37.5952;53.9253;46.0447
582;583;37.6156;53.9651;46.0754
583;584;37.6359;54.0048;46.106
584;585;37.6562;54.0446;46.1365
585;586;37.6765;54.0842;46.1671
586;587;37.6967;54.1239;46.1976
587;588;37.7169;54.1635;46.228
588;589;37.7371;54.203;46.2584
589;590;37.7573;54.2425;46.2888
590;591;37.7775;54.282;46.3192
591;592;37.7976;54.3214;46.3495
592;593;37.8177;54.3608;46.3798
593;594;37.8378;54.4001;46.4101
594;595;37.8579;54.4394;46.4403
595;596;37.8779;54.4786;46.4705
596;597;37.8979;54.5178;46.5007
597;598;37.9179;54.557;46.5308
598;599;37.9379;54.5961;46.5609
599;600;37.9579;54.6351;46.591
600;601;37.9778;54.6742;46.621
601;602;37.9977;54.7131;46.651
602;603;38.0176;54.7521;46.6809
603;604;38.0375;54.791;46.7109
604;605;38.0573;54.8298;46.7408
605;606;38.0771;54.8686;46.7706
606;607;38.0969;54.9074;46.8004
607;608;38.1167;54.9461;46.8302
608;609;38.1365;54.9848;46.86
609;610;38.1562;55.0234;46.8897
610;611;38.1759;55.062;46.9194
611;612;38.1956;55.1005;46.9491
612;613;38.2153;55.1391;46.9787
613;614;38.2349;55.1775;47.0083
614;615;38.2546;55.2159;47.0379
615;616;38.2742;55.2543;47.0674
616;617;38.2938;55.2926;47.0969
617;618;38.3133;55.3309;47.1264
618;619;38.3329;55.3692;47.1558
619;620;38.3524;55.4074;47.1852
620;621;38.3719;55.4456;47.2146
621;622;38.3914;55.4837;47.2439
622;623;38.4108;55.5218;47.2732
623;624;38.4302;55.5598;47.3025
624;625;38.4496;55.5978;47.3317
625;626;38.469;55.6358;47.3609
626;627;38.4884;55.6737;47.3901
627;628;38.5077;55.7115;47.4192
628;629;38.5271;55.7494;47.4483
629;630;38.5464;55.7872;47.4774
630;631;38.5657;55.8249;47.5065
631;632;38.5849;55.8626;47.5355
632;633;38.6042;55.9003;47.5644
633;634;38.6234;55.9379;47.5934
634;635;38.6426;55.9755;47.6223
635;636;38.6617;56.013;47.6512
636;637;38.6809;56.0505;47.68
637;638;38.7;56.0879;47.7089
638;639;38.7191;56.1253;47.7376
639;640;38.7382;56.1627;47.7664
640;641;38.7573;56.2;47.7951
641;642;38.7763;56.2373;47.8238
642;643;38.7954;56.2746;47.8525
643;644;38.8144;56.3118;47.8811
644;645;38.8334;56.3489;47.9097
645;646;38.8523;56.3861;47.9383
646;647;38.8713;56.4231;47.9668
647;648;38.8902;56.4602;47.9953
648;649;38.9091;56.4972;48.0238
649;650;38.928;56.5341;48.0522
650;651;38.9468;56.571;48.0806
651;652;38.9657;56.6079;48.109
652;653;38.9845;56.6448;48.1373
653;654;39.0033;56.6815;48.1656
654;655;39.022;56.7183;48.1939
655;656;39.0408;56.755;48.2222
656;657;39.0595;56.7917;48.2504
657;658;39.0782;56.8283;48.2786
658;659;39.0969;56.8649;48.3067
659;660;39.1156;56.9014;48.3348
660;661;39.1343;56.938;48.3629
661;662;39.1529;56.9744;48.391
662;663;39.1715;57.0108;48.419
663;664;39.1901;57.0472;48.447
664;665;39.2087;57.0836;48.475
665;666;39.2272;57.1199;48.5029
666;667;39.2457;57.1562;48.5308
667;668;39.2642;57.1924;48.5587
668;669;39.2827;57.2286;48.5865
669;670;39.3012;57.2647;48.6144
670;671;39.3196;57.3008;48.6421
671;672;39.338;57.3369;48.6699
672;673;39.3564;57.3729;48.6976
673;674;39.3748;57.4089;48.7253
674;675;39.3932;57.4448;48.753
675;676;39.4115;57.4807;48.7806
676;677;39.4299;57.5166;48.8082
677;678;39.4482;57.5524;48.8358
678;679;39.4664;57.5882;48.8633
679;680;39.4847;57.624;48.8908
680;681;39.5029;57.6597;48.9183
681;682;39.5212;57.6953;48.9457
682;683;39.5394;57.731;48.9731
683;684;39.5575;57.7665;49.0005
684;685;39.5757;57.8021;49.0279
685;686;39.5938;57.8376;49.0552
686;687;39.612;57.8731;49.0825
687;688;39.6301;57.9085;49.1098
688;689;39.6481;57.9439;49.137
689;690;39.6662;57.9792;49.1642
690;691;39.6842;58.0146;49.1914
691;692;39.7023;58.0498;49.2185
692;693;39.7203;58.0851;49.2456
693;694;39.7382;58.1203;49.2727
694;695;39.7562;58.1554;49.2997
695;696;39.7741;58.1905;49.3268
696;697;39.7921;58.2256;49.3538
697;698;39.81;58.2607;49.3807
698;699;39.8278;58.2957;49.4077
699;700;39.8457;58.3306;49.4346
700;701;39.8635;58.3655;49.4614
701;702;39.8813;58.4004;49.4883
702;703;39.8992;58.4353;49.5151
703;704;39.9169;58.4701;49.5419
704;705;39.9347;58.5048;49.5686
705;706;39.9524;58.5396;49.5953
706;707;39.9702;58.5743;49.622
707;708;39.9879;58.6089;49.6487
708;709;40.0055;58.6435;49.6753
709;710;40.0232;58.6781;49.7019
710;711;40.0408;58.7126;49.7285
711;712;40.0585;58.7471;49.7551
712;713;40.0761;58.7816;49.7816
713;714;40.0937;58.816;49.8081
714;715;40.1112;58.8504;49.8345
715;716;40.1288;58.8847;49.861
716;717;40.1463;58.9191;49.8873
717;718;40.1638;58.9533;49.9137
718;719;40.1813;58.9876;49.9401
719;720;40.1988;59.0217;49.9664
720;721;40.2162;59.0559;49.9927
721;722;40.2336;59.09;50.0189
722;723;40.251;59.1241;50.0451
723;724;40.2684;59.1581;50.0713
724;725;40.2858;59.1921;50.0975
725;726;40.3032;59.2261;50.1236
726;727;40.3205;59.26;50.1497
727;728;40.3378;59.2939;50.1758
728;729;40.3551;59.3278;50.2019
729;730;40.3724;59.3616;50.2279
730;731;40.3896;59.3954;50.2539
731;732;40.4069;59.4291;50.2798
732;733;40.4241;59.4628;50.3058
733;734;40.4413;59.4965;50.3317
734;735;40.4585;59.5301;50.3576
735;736;40.4756;59.5637;50.3834
736;737;40.4928;59.5973;50.4092
737;738;40.5099;59.6308;50.435
738;739;40.527;59.6643;50.4608
739;740;40.5441;59.6977;50.4865
740;741;40.5611;59.7311;50.5122
741;742;40.5782;59.7645;50.5379
742;743;40.5952;59.7978;50.5635
743;744;40.6122;59.8311;50.5892
744;745;40.6292;59.8644;50.6148
745;746;40.6462;59.8976;50.6403
746;747;40.6631;59.9308;50.6659
747;748;40.6801;59.9639;50.6914
748;749;40.697;59.997;50.7168
749;750;40.7139;60.0301;50.7423
750;751;40.7307;60.0631;50.7677
751;752;40.7476;60.0961;50.7931
752;753;40.7644;60.1291;50.8185
753;754;40.7813;60.162;50.8438
754;755;40.7981;60.1949;50.8691
755;756;40.8148;60.2278;50.8944
756;757;40.8316;60.2606;50.9196
757;758;40.8484;60.2934;50.9449
758;759;40.8651;60.3261;50.9701
759;760;40.8818;60.3588;50.9952
760;761;40.8985;60.3915;51.0204
761;762;40.9152;60.4241;51.0455
762;763;40.9318;60.4567;51.0706
763;764;40.9484;60.4893;51.0956
764;765;40.9651;60.5218;51.1207
765;766;40.9817;60.5543;51.1457
766;767;40.9982;60.5868;51.1706
767;768;41.0148;60.6192;51.1956
768;769;41.0313;60.6516;51.2205
769;770;41.0479;60.6839;51.2454
770;771;41.0644;60.7162;51.2703
771;772;41.0809;60.7485;51.2951
772;773;41.0973;60.7808;51.3199
773;774;41.1138;60.813;51.3447
774;775;41.1302;60.8451;51.3694
775;776;41.1466;60.8773;51.3942
776;777;41.163;60.9094;51.4189
777;778;41.1794;60.9414;51.4435
778;779;41.1958;60.9735;51.4682
779;780;41.2121;61.0054;51.4928
780;781;41.2284;61.0374;51.5174
781;782;41.2447;61.0693;51.5419
782;783;41.261;61.1012;51.5665
783;784;41.2773;61.1331;51.591
784;785;41.2936;61.1649;51.6155
785;786;41.3098;61.1966;51.6399
786;787;41.326;61.2284;51.6643
787;788;41.3422;61.2601;51.6887
788;789;41.3584;61.2918;51.7131
789;790;41.3745;61.3234;51.7375
790;791;41.3907;61.355;51.7618
791;792;41.4068;61.3866;51.7861
792;793;41.4229;61.4181;51.8103
793;794;41.439;61.4496;51.8346
794;795;41.4551;61.4811;51.8588
795;796;41.4711;61.5125;51.883
796;797;41.4872;61.5439;51.9071
797;798;41.5032;61.5752;51.9312
798;799;41.5192;61.6066;51.9553
799;800;41.5352;61.6379;51.9794
800;801;41.5511;61.6691;52.0035
801;802;41.5671;61.7003;52.0275
802;803;41.583;61.7315;52.0515
803;804;41.5989;61.7627;52.0755
804;805;41.6148;61.7938;52.0994
805;806;41.6307;61.8249;52.1233
806;807;41.6466;61.8559;52.1472
807;808;41.6624;61.8869;52.1711
808;809;41.6782;61.9179;52.1949
809;810;41.694;61.9488;52.2187
810;811;41.7098;61.9797;52.2425
811;812;41.7256;62.0106;52.2662
812;813;41.7414;62.0415;52.29
813;814;41.7571;62.0723;52.3137
814;815;41.7728;62.103;52.3374
815;816;41.7885;62.1338;52.361
816;817;41.8042;62.1645;52.3846
817;818;41.8199;62.1951;52.4082
818;819;41.8355;62.2258;52.4318
819;820;41.8512;62.2564;52.4554
820;821;41.8668;62.287;52.4789
821;822;41.8824;62.3175;52.5024
822;823;41.8979;62.348;52.5258
823;824;41.9135;62.3784;52.5493
824;825;41.9291;62.4089;52.5727
825;826;41.9446;62.4393;52.5961
826;827;41.9601;62.4696;52.6195
827;828;41.9756;62.5;52.6428
828;829;41.9911;62.5303;52.6661
829;830;42.0065;62.5605;52.6894
830;831;42.022;62.5908;52.7127
831;832;42.0374;62.621;52.7359
832;833;42.0528;62.6511;52.7591
833;834;42.0682;62.6813;52.7823
834;835;42.0836;62.7114;52.8055
835;836;42.0989;62.7414;52.8286
836;837;42.1143;62.7714;52.8517
837;838;42.1296;62.8014;52.8748
838;839;42.1449;62.8314;52.8978
839;840;42.1602;62.8613;52.9209
840;841;42.1755;62.8912;52.9439
841;842;42.1907;62.9211;52.9668
842;843;42.206;62.9509;52.9898
843;844;42.2212;62.9807;53.0127
844;845;42.2364;63.0105;53.0356
845;846;42.2516;63.0402;53.0585
846;847;42.2667;63.0699;53.0814
847;848;42.2819;63.0996;53.1042
848;849;42.297;63.1292;53.127
849;850;42.3121;63.1588;53.1498
850;851;42.3273;63.1884;53.1725
851;852;42.3423;63.2179;53.1952
852;853;42.3574;63.2474;53.2179
853;854;42.3725;63.2769;53.2406
854;855;42.3875;63.3063;53.2633
855;856;42.4025;63.3357;53.2859
856;857;42.4175;63.3651;53.3085
857;858;42.4325;63.3944;53.3311
858;859;42.4475;63.4237;53.3536
859;860;42.4624;63.453;53.3761
860;861;42.4774;63.4822;53.3986
861;862;42.4923;63.5114;53.4211
862;863;42.5072;63.5406;53.4436
863;864;42.5221;63.5698;53.466
864;865;42.537;63.5989;53.4884
865;866;42.5518;63.628;53.5108
866;867;42.5666;63.657;53.5331
867;868;42.5815;63.686;53.5554
868;869;42.5963;63.715;53.5777
869;870;42.6111;63.7439;53.6
870;871;42.6258;63.7729;53.6223
871;872;42.6406;63.8017;53.6445
872;873;42.6553;63.8306;53.6667
873;874;42.6701;63.8594;53.6889
874;875;42.6848;63.8882;53.711
875;876;42.6995;63.917;53.7331
876;877;42.7141;63.9457;53.7553
877;878;42.7288;63.9744;53.7773
878;879;42.7434;64.003;53.7994
879;880;42.758;64.0317;53.8214
880;881;42.7727;64.0603;53.8434
881;882;42.7873;64.0888;53.8654
882;883;42.8018;64.1174;53.8874
883;884;42.8164;64.1459;53.9093
884;885;42.8309;64.1743;53.9312
885;886;42.8455;64.2028;53.9531
886;887;42.86;64.2312;53.9749
887;888;42.8745;64.2596;53.9968
888;889;42.889;64.2879;54.0186
889;890;42.9034;64.3162;54.0404
890;891;42.9179;64.3445;54.0621
891;892;42.9323;64.3728;54.0839
892;893;42.9467;64.401;54.1056
893;894;42.9611;64.4292;54.1273
894;895;42.9755;64.4573;54.1489
895;896;42.9899;64.4855;54.1706
896;897;43.0042;64.5136;54.1922
897;898;43.0185;64.5416;54.2138
898;899;43.0329;64.5696;54.2354
899;900;43.0472;64.5976;54.2569
900;901;43.0615;64.6256;54.2784
901;902;43.0757;64.6536;54.2999
902;903;43.09;64.6815;54.3214
903;904;43.1042;64.7093;54.3429
904;905;43.1185;64.7372;54.3643
905;906;43.1327;64.765;54.3857
906;907;43.1469;64.7928;54.4071
907;908;43.161;64.8205;54.4284
908;909;43.1752;64.8483;54.4498
909;910;43.1893;64.876;54.4711
910;911;43.2035;64.9036;54.4924
911;912;43.2176;64.9312;54.5136
912;913;43.2317;64.9588;54.5349
913;914;43.2458;64.9864;54.5561
914;915;43.2598;65.014;54.5773
915;916;43.2739;65.0415;54.5984
916;917;43.2879;65.0689;54.6196
917;918;43.302;65.0964;54.6407
918;919;43.316;65.1238;54.6618
919;920;43.33;65.1512;54.6829
920;921;43.3439;65.1785;54.7039
921;922;43.3579;65.2059;54.7249
922;923;43.3718;65.2332;54.7459
923;924;43.3858;65.2604;54.7669
924;925;43.3997;65.2877;54.7879
925;926;43.4136;65.3149;54.8088
926;927;43.4274;65.342;54.8297
927;928;43.4413;65.3692;54.8506
928;929;43.4552;65.3963;54.8715
929;930;43.469;65.4234;54.8923
930;931;43.4828;65.4504;54.9131
931;932;43.4966;65.4775;54.9339
932;933;43.5104;65.5045;54.9547
933;934;43.5242;65.5314;54.9754
934;935;43.538;65.5584;54.9962
935;936;43.5517;65.5853;55.0169
936;937;43.5654;65.6121;55.0376
937;938;43.5791;65.639;55.0582
938;939;43.5928;65.6658;55.0788
939;940;43.6065;65.6926;55.0995
940;941;43.6202;65.7193;55.12
941;942;43.6338;65.7461;55.1406
942;943;43.6475;65.7728;55.1611
943;944;43.6611;65.7994;55.1817
944;945;43.6747;65.8261;55.2022
945;946;43.6883;65.8527;55.2226
946;947;43.7019;65.8793;55.2431
947;948;43.7154;65.9058;55.2635
948;949;43.729;65.9323;55.2839
949;950;43.7425;65.9588;55.3043
950;951;43.756;65.9853;55.3247
951;952;43.7695;66.0117;55.345
952;953;43.783;66.0381;55.3653
953;954;43.7965;66.0645;55.3856
954;955;43.81;66.0908;55.4059
955;956;43.8234;66.1171;55.4261
956;957;43.8368;66.1434;55.4464
957;958;43.8502;66.1697;55.4666
958;959;43.8636;66.1959;55.4867
959;960;43.877;66.2221;55.5069
960;961;43.8904;66.2483;55.527
961;962;43.9037;66.2744;55.5472
962;963;43.9171;66.3005;55.5672
963;964;43.9304;66.3266;55.5873
964;965;43.9437;66.3526;55.6074
965;966;43.957;66.3787;55.6274
966;967;43.9703;66.4047;55.6474
967;968;43.9835;66.4306;55.6674
968;969;43.9968;66.4566;55.6873
969;970;44.01;66.4825;55.7073
970;971;44.0232;66.5084;55.7272
971;972;44.0365;66.5342;55.7471
972;973;44.0496;66.56;55.7669
973;974;44.0628;66.5858;55.7868
974;975;44.076;66.6116;55.8066
975;976;44.0891;66.6373;55.8264
976;977;44.1023;66.663;55.8462
977;978;44.1154;66.6887;55.8659
978;979;44.1285;66.7144;55.8857
979;980;44.1416;66.74;55.9054
980;981;44.1546;66.7656;55.9251
981;982;44.1677;66.7911;55.9448
982;983;44.1808;66.8167;55.9644
983;984;44.1938;66.8422;55.984
984;985;44.2068;66.8677;56.0037
985;986;44.2198;66.8931;56.0232
986;987;44.2328;66.9185;56.0428
987;988;44.2458;66.9439;56.0623
988;989;44.2587;66.9693;56.0819
989;990;44.2717;66.9946;56.1014
990;991;44.2846;67.0199;56.1208
991;992;44.2975;67.0452;56.1403
992;993;44.3104;67.0705;56.1597
993;994;44.3233;67.0957;56.1791
994;995;44.3362;67.1209;56.1985
995;996;44.349;67.1461;56.2179
996;997;44.3619;67.1712;56.2372
997;998;44.3747;67.1963;56.2566
998;999;44.3875;67.2214;56.2759
999;1000;44.4003;67.2465;56.2952
1000;1001;44.4131;67.2715;56.3144
1001;1002;44.4259;67.2965;56.3337
1002;1003;44.4386;67.3215;56.3529
1003;1004;44.4514;67.3464;56.3721
1004;1005;44.4641;67.3714;56.3912
1005;1006;44.4768;67.3963;56.4104
1006;1007;44.4895;67.4211;56.4295
1007;1008;44.5022;67.446;56.4486
1008;1009;44.5149;67.4708;56.4677
1009;1010;44.5276;67.4956;56.4868
1010;1011;44.5402;67.5203;56.5059
1011;1012;44.5528;67.545;56.5249
1012;1013;44.5655;67.5697;56.5439
1013;1014;44.5781;67.5944;56.5629
1014;1015;44.5906;67.6191;56.5818
1015;1016;44.6032;67.6437;56.6008
1016;1017;44.6158;67.6683;56.6197
1017;1018;44.6283;67.6928;56.6386
1018;1019;44.6409;67.7174;56.6575
1019;1020;44.6534;67.7419;56.6763
1020;1021;44.6659;67.7664;56.6952
1021;1022;44.6784;67.7908;56.714
1022;1023;44.6909;67.8152;56.7328
1023;1024;44.7033;67.8396;56.7516
1024;1025;44.7158;67.864;56.7703
1025;1026;44.7282;67.8884;56.7891
1026;1027;44.7406;67.9127;56.8078
1027;1028;44.7531;67.937;56.8265
1028;1029;44.7655;67.9612;56.8451
1029;1030;44.7778;67.9855;56.8638
1030;1031;44.7902;68.0097;56.8824
1031;1032;44.8026;68.0339;56.901
1032;1033;44.8149;68.058;56.9196
1033;1034;44.8272;68.0822;56.9382
1034;1035;44.8395;68.1063;56.9567
1035;1036;44.8518;68.1304;56.9753
1036;1037;44.8641;68.1544;56.9938
1037;1038;44.8764;68.1784;57.0123
1038;1039;44.8887;68.2024;57.0307
1039;1040;44.9009;68.2264;57.0492
1040;1041;44.9131;68.2503;57.0676
1041;1042;44.9254;68.2743;57.086
1042;1043;44.9376;68.2982;57.1044
1043;1044;44.9497;68.322;57.1228
1044;1045;44.9619;68.3459;57.1411
1045;1046;44.9741;68.3697;57.1594
1046;1047;44.9862;68.3935;57.1777
1047;1048;44.9984;68.4172;57.196
1048;1049;45.0105;68.4409;57.2143
1049;1050;45.0226;68.4647;57.2325
1050;1051;45.0347;68.4883;57.2507
1051;1052;45.0468;68.512;57.2689
1052;1053;45.0589;68.5356;57.2871
1053;1054;45.0709;68.5592;57.3053
1054;1055;45.083;68.5828;57.3234
1055;1056;45.095;68.6063;57.3415
1056;1057;45.107;68.6299;57.3596
1057;1058;45.119;68.6534;57.3777
1058;1059;45.131;68.6768;57.3958
1059;1060;45.143;68.7003;57.4138
1060;1061;45.1549;68.7237;57.4318
1061;1062;45.1669;68.7471;57.4498
1062;1063;45.1788;68.7705;57.4678
1063;1064;45.1908;68.7938;57.4858
1064;1065;45.2027;68.8171;57.5037
1065;1066;45.2146;68.8404;57.5216
1066;1067;45.2264;68.8637;57.5395
1067;1068;45.2383;68.8869;57.5574
1068;1069;45.2502;68.9101;57.5753
1069;1070;45.262;68.9333;57.5931
1070;1071;45.2739;68.9565;57.6109
1071;1072;45.2857;68.9796;57.6287
1072;1073;45.2975;69.0027;57.6465
1073;1074;45.3093;69.0258;57.6643
1074;1075;45.321;69.0488;57.682
1075;1076;45.3328;69.0719;57.6998
1076;1077;45.3446;69.0949;57.7175
1077;1078;45.3563;69.1179;57.7351
1078;1079;45.368;69.1408;57.7528
1079;1080;45.3797;69.1638;57.7704
1080;1081;45.3914;69.1867;57.7881
1081;1082;45.4031;69.2095;57.8057
1082;1083;45.4148;69.2324;57.8233
1083;1084;45.4265;69.2552;57.8408
1084;1085;45.4381;69.278;57.8584
1085;1086;45.4498;69.3008;57.8759
1086;1087;45.4614;69.3236;57.8934
1087;1088;45.473;69.3463;57.9109
1088;1089;45.4846;69.369;57.9284
1089;1090;45.4962;69.3917;57.9458
1090;1091;45.5077;69.4143;57.9632
1091;1092;45.5193;69.4369;57.9807
1092;1093;45.5308;69.4595;57.9981
1093;1094;45.5424;69.4821;58.0154
1094;1095;45.5539;69.5047;58.0328
1095;1096;45.5654;69.5272;58.0501
1096;1097;45.5769;69.5497;58.0674
1097;1098;45.5884;69.5722;58.0847
1098;1099;45.5999;69.5946;58.102
1099;1100;45.6113;69.617;58.1193
1100;1101;45.6228;69.6395;58.1365
1101;1102;45.6342;69.6618;58.1537
1102;1103;45.6456;69.6842;58.1709
1103;1104;45.657;69.7065;58.1881
1104;1105;45.6684;69.7288;58.2053
1105;1106;45.6798;69.7511;58.2224
1106;1107;45.6912;69.7733;58.2395
1107;1108;45.7025;69.7956;58.2566
1108;1109;45.7139;69.8178;58.2737
1109;1110;45.7252;69.84;58.2908
1110;1111;45.7365;69.8621;58.3078
1111;1112;45.7478;69.8842;58.3249
1112;1113;45.7591;69.9063;58.3419
1113;1114;45.7704;69.9284;58.3589
1114;1115;45.7816;69.9505;58.3758
1115;1116;45.7929;69.9725;58.3928
1116;1117;45.8041;69.9945;58.4097
1117;1118;45.8154;70.0165;58.4266
1118;1119;45.8266;70.0385;58.4435
1119;1120;45.8378;70.0604;58.4604
1120;1121;45.849;70.0823;58.4773
1121;1122;45.8602;70.1042;58.4941
1122;1123;45.8713;70.1261;58.5109
1123;1124;45.8825;70.1479;58.5277
1124;1125;45.8936;70.1697;58.5445
1125;1126;45.9048;70.1915;58.5613
1126;1127;45.9159;70.2133;58.578
1127;1128;45.927;70.235;58.5948
1128;1129;45.9381;70.2567;58.6115
1129;1130;45.9492;70.2784;58.6282
1130;1131;45.9602;70.3001;58.6448
1131;1132;45.9713;70.3217;58.6615
1132;1133;45.9823;70.3433;58.6781
1133;1134;45.9934;70.3649;58.6947
1134;1135;46.0044;70.3865;58.7113
1135;1136;46.0154;70.4081;58.7279
1136;1137;46.0264;70.4296;58.7445
1137;1138;46.0374;70.4511;58.761
1138;1139;46.0483;70.4726;58.7776
1139;1140;46.0593;70.494;58.7941
1140;1141;46.0702;70.5154;58.8105
1141;1142;46.0812;70.5368;58.827
1142;1143;46.0921;70.5582;58.8435
1143;1144;46.103;70.5796;58.8599
1144;1145;46.1139;70.6009;58.8763
1145;1146;46.1248;70.6222;58.8927
1146;1147;46.1357;70.6435;58.9091
1147;1148;46.1465;70.6648;58.9255
1148;1149;46.1574;70.686;58.9418
1149;1150;46.1682;70.7072;58.9581
1150;1151;46.1791;70.7284;58.9744
1151;1152;46.1899;70.7496;58.9907
1152;1153;46.2007;70.7707;59.007
1153;1154;46.2115;70.7919;59.0233
1154;1155;46.2222;70.813;59.0395
1155;1156;46.233;70.834;59.0557
1156;1157;46.2438;70.8551;59.0719
1157;1158;46.2545;70.8761;59.0881
1158;1159;46.2652;70.8971;59.1042
1159;1160;46.2759;70.9181;59.1204
1160;1161;46.2867;70.9391;59.1365
1161;1162;46.2973;70.96;59.1526
1162;1163;46.308;70.9809;59.1687
1163;1164;46.3187;71.0018;59.1848
1164;1165;46.3294;71.0227;59.2008
1165;1166;46.34;71.0435;59.2169
1166;1167;46.3506;71.0643;59.2329
1167;1168;46.3613;71.0851;59.2489
1168;1169;46.3719;71.1059;59.2649
1169;1170;46.3825;71.1266;59.2809
1170;1171;46.3931;71.1474;59.2968
1171;1172;46.4036;71.1681;59.3127
1172;1173;46.4142;71.1888;59.3287
1173;1174;46.4248;71.2094;59.3446
1174;1175;46.4353;71.2301;59.3604
1175;1176;46.4458;71.2507;59.3763
1176;1177;46.4564;71.2713;59.3921
1177;1178;46.4669;71.2918;59.408
1178;1179;46.4774;71.3124;59.4238
1179;1180;46.4878;71.3329;59.4396
1180;1181;46.4983;71.3534;59.4553
1181;1182;46.5088;71.3739;59.4711
1182;1183;46.5192;71.3943;59.4868
1183;1184;46.5297;71.4147;59.5025
1184;1185;46.5401;71.4352;59.5182
1185;1186;46.5505;71.4555;59.5339
1186;1187;46.5609;71.4759;59.5496
1187;1188;46.5713;71.4962;59.5653
1188;1189;46.5817;71.5166;59.5809
1189;1190;46.592;71.5369;59.5965
1190;1191;46.6024;71.5571;59.6121
1191;1192;46.6127;71.5774;59.6277
1192;1193;46.6231;71.5976;59.6433
1193;1194;46.6334;71.6178;59.6588
1194;1195;46.6437;71.638;59.6743
1195;1196;46.654;71.6581;59.6898
1196;1197;46.6643;71.6783;59.7053
1197;1198;46.6746;71.6984;59.7208
1198;1199;46.6848;71.7185;59.7363
1199;1200;46.6951;71.7386;59.7517
1200;1201;46.7053;71.7586;59.7671
1201;1202;46.7155;71.7786;59.7826
1202;1203;46.7258;71.7986;59.7979
1203;1204;46.736;71.8186;59.8133
1204;1205;46.7462;71.8386;59.8287
1205;1206;46.7564;71.8585;59.844
1206;1207;46.7665;71.8784;59.8593
1207;1208;46.7767;71.8983;59.8747
1208;1209;46.7868;71.9182;59.8899
1209;1210;46.797;71.938;59.9052
1210;1211;46.8071;71.9579;59.9205
1211;1212;46.8172;71.9777;59.9357
1212;1213;46.8273;71.9975;59.9509
1213;1214;46.8374;72.0172;59.9661
1214;1215;46.8475;72.037;59.9813
1215;1216;46.8576;72.0567;59.9965
1216;1217;46.8676;72.0764;60.0117
1217;1218;46.8777;72.0961;60.0268
1218;1219;46.8877;72.1157;60.0419
1219;1220;46.8978;72.1353;60.057
1220;1221;46.9078;72.1549;60.0721
1221;1222;46.9178;72.1745;60.0872
1222;1223;46.9278;72.1941;60.1022
1223;1224;46.9378;72.2136;60.1173
1224;1225;46.9477;72.2332;60.1323
1225;1226;46.9577;72.2527;60.1473
1226;1227;46.9676;72.2721;60.1623
1227;1228;46.9776;72.2916;60.1773
1228;1229;46.9875;72.311;60.1922
1229;1230;46.9974;72.3304;60.2072
1230;1231;47.0073;72.3498;60.2221
1231;1232;47.0172;72.3692;60.237
1232;1233;47.0271;72.3886;60.2519
1233;1234;47.037;72.4079;60.2667
1234;1235;47.0469;72.4272;60.2816
1235;1236;47.0567;72.4465;60.2964
1236;1237;47.0665;72.4657;60.3113
1237;1238;47.0764;72.485;60.3261
1238;1239;47.0862;72.5042;60.3409
1239;1240;47.096;72.5234;60.3556
1240;1241;47.1058;72.5426;60.3704
1241;1242;47.1156;72.5617;60.3851
1242;1243;47.1254;72.5809;60.3999
1243;1244;47.1351;72.6;60.4146
1244;1245;47.1449;72.6191;60.4293
1245;1246;47.1546;72.6381;60.4439
1246;1247;47.1644;72.6572;60.4586
1247;1248;47.1741;72.6762;60.4732
1248;1249;47.1838;72.6952;60.4879
1249;1250;47.1935;72.7142;60.5025
1250;1251;47.2032;72.7332;60.5171
1251;1252;47.2128;72.7521;60.5316
1252;1253;47.2225;72.7711;60.5462
1253;1254;47.2322;72.79;60.5607
1254;1255;47.2418;72.8088;60.5753
1255;1256;47.2515;72.8277;60.5898
1256;1257;47.2611;72.8465;60.6043
1257;1258;47.2707;72.8654;60.6188
1258;1259;47.2803;72.8842;60.6332
1259;1260;47.2899;72.9029;60.6477
1260;1261;47.2995;72.9217;60.6621
1261;1262;47.309;72.9404;60.6765
1262;1263;47.3186;72.9591;60.6909
1263;1264;47.3282;72.9778;60.7053
1264;1265;47.3377;72.9965;60.7197
1265;1266;47.3472;73.0152;60.734
1266;1267;47.3567;73.0338;60.7484
1267;1268;47.3662;73.0524;60.7627
1268;1269;47.3757;73.071;60.777
1269;1270;47.3852;73.0896;60.7913
1270;1271;47.3947;73.1081;60.8056
1271;1272;47.4042;73.1266;60.8198
1272;1273;47.4136;73.1452;60.8341
1273;1274;47.4231;73.1636;60.8483
1274;1275;47.4325;73.1821;60.8625
1275;1276;47.4419;73.2006;60.8767
1276;1277;47.4513;73.219;60.8909
1277;1278;47.4607;73.2374;60.905
1278;1279;47.4701;73.2558;60.9192
1279;1280;47.4795;73.2741;60.9333
1280;1281;47.4889;73.2925;60.9474
1281;1282;47.4982;73.3108;60.9615
1282;1283;47.5076;73.3291;60.9756
1283;1284;47.5169;73.3474;60.9897
1284;1285;47.5263;73.3657;61.0037
1285;1286;47.5356;73.3839;61.0178
1286;1287;47.5449;73.4021;61.0318
1287;1288;47.5542;73.4203;61.0458
1288;1289;47.5635;73.4385;61.0598
1289;1290;47.5728;73.4567;61.0738
1290;1291;47.582;73.4748;61.0877
1291;1292;47.5913;73.4929;61.1017
1292;1293;47.6005;73.511;61.1156
1293;1294;47.6098;73.5291;61.1295
1294;1295;47.619;73.5472;61.1434
1295;1296;47.6282;73.5652;61.1573
1296;1297;47.6374;73.5832;61.1712
1297;1298;47.6466;73.6013;61.185
1298;1299;47.6558;73.6192;61.1989
1299;1300;47.665;73.6372;61.2127
1300;1301;47.6741;73.6551;61.2265
1301;1302;47.6833;73.6731;61.2403
1302;1303;47.6924;73.691;61.2541
1303;1304;47.7016;73.7088;61.2678
1304;1305;47.7107;73.7267;61.2816
1305;1306;47.7198;73.7446;61.2953
1306;1307;47.7289;73.7624;61.309
1307;1308;47.738;73.7802;61.3227
1308;1309;47.7471;73.798;61.3364
1309;1310;47.7562;73.8157;61.3501
1310;1311;47.7652;73.8335;61.3637
1311;1312;47.7743;73.8512;61.3773
1312;1313;47.7833;73.8689;61.391
1313;1314;47.7924;73.8866;61.4046
1314;1315;47.8014;73.9042;61.4182
1315;1316;47.8104;73.9219;61.4318
1316;1317;47.8194;73.9395;61.4453
1317;1318;47.8284;73.9571;61.4589
1318;1319;47.8374;73.9747;61.4724
1319;1320;47.8464;73.9923;61.4859
1320;1321;47.8553;74.0098;61.4994
1321;1322;47.8643;74.0274;61.5129
1322;1323;47.8732;74.0449;61.5264
1323;1324;47.8822;74.0624;61.5398
1324;1325;47.8911;74.0798;61.5533
1325;1326;47.9;74.0973;61.5667
1326;1327;47.9089;74.1147;61.5801
1327;1328;47.9178;74.1321;61.5935
1328;1329;47.9267;74.1495;61.6069
1329;1330;47.9356;74.1669;61.6203
1330;1331;47.9444;74.1842;61.6336
1331;1332;47.9533;74.2016;61.647
1332;1333;47.9621;74.2189;61.6603
1333;1334;47.971;74.2362;61.6736
1334;1335;47.9798;74.2535;61.6869
1335;1336;47.9886;74.2707;61.7002
1336;1337;47.9974;74.288;61.7134
1337;1338;48.0062;74.3052;61.7267
1338;1339;48.015;74.3224;61.7399
1339;1340;48.0238;74.3396;61.7531
1340;1341;48.0326;74.3567;61.7664
1341;1342;48.0413;74.3739;61.7795
1342;1343;48.0501;74.391;61.7927
1343;1344;48.0588;74.4081;61.8059
1344;1345;48.0675;74.4252;61.819
1345;1346;48.0762;74.4423;61.8322
1346;1347;48.085;74.4593;61.8453
1347;1348;48.0937;74.4763;61.8584
1348;1349;48.1023;74.4934;61.8715
1349;1350;48.111;74.5103;61.8846
1350;1351;48.1197;74.5273;61.8976
1351;1352;48.1284;74.5443;61.9107
1352;1353;48.137;74.5612;61.9237
1353;1354;48.1457;74.5781;61.9367
1354;1355;48.1543;74.595;61.9497
1355;1356;48.1629;74.6119;61.9627
1356;1357;48.1715;74.6288;61.9757
1357;1358;48.1801;74.6456;61.9886
1358;1359;48.1887;74.6624;62.0016
1359;1360;48.1973;74.6792;62.0145
1360;1361;48.2059;74.696;62.0274
1361;1362;48.2144;74.7128;62.0403
1362;1363;48.223;74.7295;62.0532
1363;1364;48.2315;74.7463;62.0661
1364;1365;48.2401;74.763;62.079
1365;1366;48.2486;74.7797;62.0918
1366;1367;48.2571;74.7964;62.1046
1367;1368;48.2656;74.813;62.1174
1368;1369;48.2741;74.8296;62.1302
1369;1370;48.2826;74.8463;62.143
1370;1371;48.2911;74.8629;62.1558
1371;1372;48.2996;74.8794;62.1686
1372;1373;48.308;74.896;62.1813
1373;1374;48.3165;74.9126;62.194
1374;1375;48.3249;74.9291;62.2068
1375;1376;48.3334;74.9456;62.2195
1376;1377;48.3418;74.9621;62.2322
1377;1378;48.3502;74.9786;62.2448
1378;1379;48.3586;74.995;62.2575
1379;1380;48.367;75.0114;62.2701
1380;1381;48.3754;75.0279;62.2828
1381;1382;48.3838;75.0443;62.2954
1382;1383;48.3921;75.0606;62.308
1383;1384;48.4005;75.077;62.3206
1384;1385;48.4089;75.0934;62.3332
1385;1386;48.4172;75.1097;62.3457
1386;1387;48.4255;75.126;62.3583
1387;1388;48.4338;75.1423;62.3708
1388;1389;48.4422;75.1586;62.3833
1389;1390;48.4505;75.1748;62.3958
1390;1391;48.4588;75.191;62.4083
1391;1392;48.467;75.2073;62.4208
1392;1393;48.4753;75.2235;62.4333
1393;1394;48.4836;75.2396;62.4457
1394;1395;48.4918;75.2558;62.4582
1395;1396;48.5001;75.272;62.4706
1396;1397;48.5083;75.2881;62.483
1397;1398;48.5166;75.3042;62.4954
1398;1399;48.5248;75.3203;62.5078
1399;1400;48.533;75.3364;62.5202
1400;1401;48.5412;75.3524;62.5325
1401;1402;48.5494;75.3685;62.5449
1402;1403;48.5576;75.3845;62.5572
1403;1404;48.5657;75.4005;62.5695
1404;1405;48.5739;75.4165;62.5818
1405;1406;48.5821;75.4324;62.5941
1406;1407;48.5902;75.4484;62.6064
1407;1408;48.5984;75.4643;62.6186
1408;1409;48.6065;75.4802;62.6309
1409;1410;48.6146;75.4961;62.6431
1410;1411;48.6227;75.512;62.6553
1411;1412;48.6308;75.5279;62.6675
1412;1413;48.6389;75.5437;62.6797
1413;1414;48.647;75.5595;62.6919
1414;1415;48.6551;75.5754;62.7041
1415;1416;48.6632;75.5911;62.7162
1416;1417;48.6712;75.6069;62.7283
1417;1418;48.6793;75.6227;62.7405
1418;1419;48.6873;75.6384;62.7526
1419;1420;48.6953;75.6541;62.7647
1420;1421;48.7034;75.6698;62.7768
1421;1422;48.7114;75.6855;62.7888
1422;1423;48.7194;75.7012;62.8009
1423;1424;48.7274;75.7169;62.8129
1424;1425;48.7354;75.7325;62.825
1425;1426;48.7433;75.7481;62.837
1426;1427;48.7513;75.7637;62.849
1427;1428;48.7593;75.7793;62.861
1428;1429;48.7672;75.7949;62.873
1429;1430;48.7752;75.8104;62.8849
1430;1431;48.7831;75.8259;62.8969
1431;1432;48.791;75.8415;62.9088
1432;1433;48.7989;75.8569;62.9207
1433;1434;48.8068;75.8724;62.9327
1434;1435;48.8147;75.8879;62.9445
1435;1436;48.8226;75.9033;62.9564
1436;1437;48.8305;75.9188;62.9683
1437;1438;48.8384;75.9342;62.9802
1438;1439;48.8462;75.9496;62.992
1439;1440;48.8541;75.9649;63.0038
1440;1441;48.862;75.9803;63.0157
1441;1442;48.8698;75.9957;63.0275
1442;1443;48.8776;76.011;63.0393
1443;1444;48.8854;76.0263;63.051
1444;1445;48.8932;76.0416;63.0628
1445;1446;48.9011;76.0569;63.0746
1446;1447;48.9088;76.0721;63.0863
1447;1448;48.9166;76.0874;63.098
1448;1449;48.9244;76.1026;63.1097
1449;1450;48.9322;76.1178;63.1214
1450;1451;48.9399;76.133;63.1331
1451;1452;48.9477;76.1481;63.1448
1452;1453;48.9554;76.1633;63.1565
1453;1454;48.9632;76.1784;63.1681
1454;1455;48.9709;76.1936;63.1798
1455;1456;48.9786;76.2087;63.1914
1456;1457;48.9863;76.2238;63.203
1457;1458;48.994;76.2388;63.2146
1458;1459;49.0017;76.2539;63.2262
1459;1460;49.0094;76.2689;63.2377
1460;1461;49.0171;76.284;63.2493
1461;1462;49.0247;76.299;63.2609
1462;1463;49.0324;76.3139;63.2724
1463;1464;49.04;76.3289;63.2839
1464;1465;49.0477;76.3439;63.2954
1465;1466;49.0553;76.3588;63.3069
1466;1467;49.0629;76.3737;63.3184
1467;1468;49.0705;76.3886;63.3299
1468;1469;49.0782;76.4035;63.3413
1469;1470;49.0858;76.4184;63.3528
1470;1471;49.0933;76.4333;63.3642
1471;1472;49.1009;76.4481;63.3756
1472;1473;49.1085;76.4629;63.387
1473;1474;49.1161;76.4777;63.3984
1474;1475;49.1236;76.4925;63.4098
1475;1476;49.1312;76.5073;63.4212
1476;1477;49.1387;76.5221;63.4325
1477;1478;49.1462;76.5368;63.4439
1478;1479;49.1538;76.5515;63.4552
1479;1480;49.1613;76.5662;63.4665
1480;1481;49.1688;76.5809;63.4778
1481;1482;49.1763;76.5956;63.4891
1482;1483;49.1838;76.6103;63.5004
1483;1484;49.1912;76.6249;63.5117
1484;1485;49.1987;76.6395;63.5229
1485;1486;49.2062;76.6541;63.5342
1486;1487;49.2136;76.6687;63.5454
1487;1488;49.2211;76.6833;63.5566
1488;1489;49.2285;76.6979;63.5678
1489;1490;49.236;76.7124;63.579
1490;1491;49.2434;76.727;63.5902
1491;1492;49.2508;76.7415;63.6014
1492;1493;49.2582;76.756;63.6125
1493;1494;49.2656;76.7705;63.6237
1494;1495;49.273;76.7849;63.6348
1495;1496;49.2804;76.7994;63.6459
1496;1497;49.2877;76.8138;63.657
1497;1498;49.2951;76.8282;63.6681
1498;1499;49.3025;76.8426;63.6792
1499;1500;49.3098;76.857;63.6903
1500;1501;49.3172;76.8714;63.7013
1501;1502;49.3245;76.8857;63.7124
1502;1503;49.3318;76.9001;63.7234
1503;1504;49.3391;76.9144;63.7344
1504;1505;49.3464;76.9287;63.7454
1505;1506;49.3537;76.943;63.7564
1506;1507;49.361;76.9573;63.7674
1507;1508;49.3683;76.9715;63.7784
1508;1509;49.3756;76.9858;63.7893
1509;1510;49.3829;77;63.8003
1510;1511;49.3901;77.0142;63.8112
1511;1512;49.3974;77.0284;63.8222
1512;1513;49.4046;77.0426;63.8331
1513;1514;49.4118;77.0568;63.844
1514;1515;49.4191;77.0709;63.8549
1515;1516;49.4263;77.085;63.8657
1516;1517;49.4335;77.0992;63.8766
1517;1518;49.4407;77.1133;63.8874
1518;1519;49.4479;77.1273;63.8983
1519;1520;49.4551;77.1414;63.9091
1520;1521;49.4623;77.1555;63.9199
1521;1522;49.4694;77.1695;63.9307
1522;1523;49.4766;77.1835;63.9415
1523;1524;49.4838;77.1975;63.9523
1524;1525;49.4909;77.2115;63.9631
1525;1526;49.4981;77.2255;63.9738
1526;1527;49.5052;77.2395;63.9846
1527;1528;49.5123;77.2534;63.9953
1528;1529;49.5194;77.2673;64.006
1529;1530;49.5265;77.2813;64.0167
1530;1531;49.5336;77.2952;64.0274
1531;1532;49.5407;77.309;64.0381
1532;1533;49.5478;77.3229;64.0488
1533;1534;49.5549;77.3368;64.0594
1534;1535;49.562;77.3506;64.0701
1535;1536;49.569;77.3644;64.0807
1536;1537;49.5761;77.3782;64.0913
1537;1538;49.5831;77.392;64.102
1538;1539;49.5902;77.4058;64.1126
1539;1540;49.5972;77.4196;64.1231
1540;1541;49.6042;77.4333;64.1337
1541;1542;49.6112;77.447;64.1443
1542;1543;49.6182;77.4608;64.1548
1543;1544;49.6252;77.4745;64.1654
1544;1545;49.6322;77.4881;64.1759
1545;1546;49.6392;77.5018;64.1864
1546;1547;49.6462;77.5155;64.1969
1547;1548;49.6531;77.5291;64.2074
1548;1549;49.6601;77.5427;64.2179
1549;1550;49.6671;77.5563;64.2284
1550;1551;49.674;77.5699;64.2389
1551;1552;49.6809;77.5835;64.2493
1552;1553;49.6879;77.5971;64.2597
1553;1554;49.6948;77.6106;64.2702
1554;1555;49.7017;77.6242;64.2806
1555;1556;49.7086;77.6377;64.291
1556;1557;49.7155;77.6512;64.3014
1557;1558;49.7224;77.6647;64.3118
1558;1559;49.7293;77.6782;64.3221
1559;1560;49.7362;77.6916;64.3325
1560;1561;49.743;77.7051;64.3428
1561;1562;49.7499;77.7185;64.3532
1562;1563;49.7567;77.7319;64.3635
1563;1564;49.7636;77.7453;64.3738
1564;1565;49.7704;77.7587;64.3841
1565;1566;49.7773;77.7721;64.3944
1566;1567;49.7841;77.7854;64.4047
1567;1568;49.7909;77.7987;64.4149
1568;1569;49.7977;77.8121;64.4252
1569;1570;49.8045;77.8254;64.4354
1570;1571;49.8113;77.8387;64.4456
1571;1572;49.8181;77.852;64.4559
1572;1573;49.8249;77.8652;64.4661
1573;1574;49.8316;77.8785;64.4763
1574;1575;49.8384;77.8917;64.4865
1575;1576;49.8451;77.9049;64.4966
1576;1577;49.8519;77.9181;64.5068
1577;1578;49.8586;77.9313;64.5169
1578;1579;49.8654;77.9445;64.5271
1579;1580;49.8721;77.9577;64.5372
1580;1581;49.8788;77.9708;64.5473
1581;1582;49.8855;77.984;64.5574
1582;1583;49.8922;77.9971;64.5675
1583;1584;49.8989;78.0102;64.5776
1584;1585;49.9056;78.0233;64.5877
1585;1586;49.9123;78.0364;64.5978
1586;1587;49.9189;78.0494;64.6078
1587;1588;49.9256;78.0625;64.6178
1588;1589;49.9323;78.0755;64.6279
1589;1590;49.9389;78.0885;64.6379
1590;1591;49.9456;78.1015;64.6479
1591;1592;49.9522;78.1145;64.6579
1592;1593;49.9588;78.1275;64.6679
1593;1594;49.9654;78.1405;64.6779
1594;1595;49.9721;78.1534;64.6878
1595;1596;49.9787;78.1663;64.6978
1596;1597;49.9853;78.1792;64.7077
1597;1598;49.9919;78.1922;64.7176
1598;1599;49.9984;78.205;64.7275
1599;1600;50.005;78.2179;64.7375
1600;1601;50.0116;78.2308;64.7474
1601;1602;50.0182;78.2436;64.7572
1602;1603;50.0247;78.2565;64.7671
1603;1604;50.0313;78.2693;64.777
1604;1605;50.0378;78.2821;64.7868
1605;1606;50.0443;78.2949;64.7967
1606;1607;50.0509;78.3076;64.8065
1607;1608;50.0574;78.3204;64.8163
1608;1609;50.0639;78.3331;64.8261
1609;1610;50.0704;78.3459;64.8359
1610;1611;50.0769;78.3586;64.8457
1611;1612;50.0834;78.3713;64.8555
1612;1613;50.0899;78.384;64.8653
1613;1614;50.0963;78.3967;64.875
1614;1615;50.1028;78.4093;64.8847
1615;1616;50.1093;78.422;64.8945
1616;1617;50.1157;78.4346;64.9042
1617;1618;50.1222;78.4472;64.9139
1618;1619;50.1286;78.4598;64.9236
1619;1620;50.135;78.4724;64.9333
1620;1621;50.1415;78.485;64.943
1621;1622;50.1479;78.4976;64.9527
1622;1623;50.1543;78.5101;64.9623
1623;1624;50.1607;78.5227;64.972
1624;1625;50.1671;78.5352;64.9816
1625;1626;50.1735;78.5477;64.9912
1626;1627;50.1799;78.5602;65.0008
1627;1628;50.1862;78.5727;65.0104
1628;1629;50.1926;78.5851;65.02
1629;1630;50.199;78.5976;65.0296
1630;1631;50.2053;78.61;65.0392
1631;1632;50.2117;78.6225;65.0487
1632;1633;50.218;78.6349;65.0583
1633;1634;50.2244;78.6473;65.0678
1634;1635;50.2307;78.6596;65.0774
1635;1636;50.237;78.672;65.0869
1636;1637;50.2433;78.6844;65.0964
1637;1638;50.2496;78.6967;65.1059
1638;1639;50.2559;78.709;65.1154
1639;1640;50.2622;78.7214;65.1249
1640;1641;50.2685;78.7337;65.1343
1641;1642;50.2748;78.746;65.1438
1642;1643;50.281;78.7582;65.1532
1643;1644;50.2873;78.7705;65.1627
1644;1645;50.2936;78.7827;65.1721
1645;1646;50.2998;78.795;65.1815
1646;1647;50.306;78.8072;65.1909
1647;1648;50.3123;78.8194;65.2003
1648;1649;50.3185;78.8316;65.2097
1649;1650;50.3247;78.8438;65.219
1650;1651;50.331;78.8559;65.2284
1651;1652;50.3372;78.8681;65.2378
1652;1653;50.3434;78.8802;65.2471
1653;1654;50.3496;78.8924;65.2564
1654;1655;50.3557;78.9045;65.2657
1655;1656;50.3619;78.9166;65.2751
1656;1657;50.3681;78.9287;65.2844
1657;1658;50.3743;78.9407;65.2936
1658;1659;50.3804;78.9528;65.3029
1659;1660;50.3866;78.9648;65.3122
1660;1661;50.3927;78.9769;65.3215
1661;1662;50.3989;78.9889;65.3307
1662;1663;50.405;79.0009;65.3399
1663;1664;50.4111;79.0129;65.3492
1664;1665;50.4172;79.0249;65.3584
1665;1666;50.4234;79.0368;65.3676
1666;1667;50.4295;79.0488;65.3768
1667;1668;50.4356;79.0607;65.386
1668;1669;50.4417;79.0726;65.3951
1669;1670;50.4477;79.0845;65.4043
1670;1671;50.4538;79.0964;65.4135
1671;1672;50.4599;79.1083;65.4226
1672;1673;50.466;79.1202;65.4318
1673;1674;50.472;79.1321;65.4409
1674;1675;50.4781;79.1439;65.45
1675;1676;50.4841;79.1557;65.4591
1676;1677;50.4901;79.1676;65.4682
1677;1678;50.4962;79.1794;65.4773
1678;1679;50.5022;79.1912;65.4864
1679;1680;50.5082;79.2029;65.4954
1680;1681;50.5142;79.2147;65.5045
1681;1682;50.5202;79.2265;65.5135
1682;1683;50.5262;79.2382;65.5226
1683;1684;50.5322;79.2499;65.5316
1684;1685;50.5382;79.2617;65.5406
1685;1686;50.5442;79.2734;65.5496
1686;1687;50.5502;79.285;65.5586
1687;1688;50.5561;79.2967;65.5676
1688;1689;50.5621;79.3084;65.5766
1689;1690;50.568;79.32;65.5855
1690;1691;50.574;79.3317;65.5945
1691;1692;50.5799;79.3433;65.6034
1692;1693;50.5859;79.3549;65.6124
1693;1694;50.5918;79.3665;65.6213
1694;1695;50.5977;79.3781;65.6302
1695;1696;50.6036;79.3897;65.6391
1696;1697;50.6095;79.4012;65.648
1697;1698;50.6154;79.4128;65.6569
1698;1699;50.6213;79.4243;65.6658
1699;1700;50.6272;79.4358;65.6746
1700;1701;50.6331;79.4473;65.6835
1701;1702;50.6389;79.4588;65.6923
1702;1703;50.6448;79.4703;65.7012
1703;1704;50.6507;79.4818;65.71
1704;1705;50.6565;79.4933;65.7188
1705;1706;50.6624;79.5047;65.7276
1706;1707;50.6682;79.5161;65.7364
1707;1708;50.674;79.5276;65.7452
1708;1709;50.6799;79.539;65.754
1709;1710;50.6857;79.5504;65.7627
1710;1711;50.6915;79.5617;65.7715
1711;1712;50.6973;79.5731;65.7803
1712;1713;50.7031;79.5845;65.789
1713;1714;50.7089;79.5958;65.7977
1714;1715;50.7147;79.6071;65.8064
1715;1716;50.7205;79.6185;65.8152
1716;1717;50.7263;79.6298;65.8239
1717;1718;50.732;79.6411;65.8325
1718;1719;50.7378;79.6523;65.8412
1719;1720;50.7436;79.6636;65.8499
1720;1721;50.7493;79.6749;65.8586
1721;1722;50.755;79.6861;65.8672
1722;1723;50.7608;79.6974;65.8759
1723;1724;50.7665;79.7086;65.8845
1724;1725;50.7722;79.7198;65.8931
1725;1726;50.778;79.731;65.9017
1726;1727;50.7837;79.7422;65.9103
1727;1728;50.7894;79.7533;65.9189
1728;1729;50.7951;79.7645;65.9275
1729;1730;50.8008;79.7756;65.9361
1730;1731;50.8065;79.7868;65.9447
1731;1732;50.8121;79.7979;65.9532
1732;1733;50.8178;79.809;65.9618
1733;1734;50.8235;79.8201;65.9703
1734;1735;50.8291;79.8312;65.9788
1735;1736;50.8348;79.8422;65.9873
1736;1737;50.8404;79.8533;65.9959
1737;1738;50.8461;79.8643;66.0044
1738;1739;50.8517;79.8754;66.0128
1739;1740;50.8574;79.8864;66.0213
1740;1741;50.863;79.8974;66.0298
1741;1742;50.8686;79.9084;66.0383
1742;1743;50.8742;79.9194;66.0467
1743;1744;50.8798;79.9304;66.0552
1744;1745;50.8854;79.9413;66.0636
1745;1746;50.891;79.9523;66.072
1746;1747;50.8966;79.9632;66.0804
1747;1748;50.9022;79.9741;66.0888
1748;1749;50.9078;79.985;66.0972
1749;1750;50.9133;79.9959;66.1056
1750;1751;50.9189;80.0068;66.114
1751;1752;50.9244;80.0177;66.1224
1752;1753;50.93;80.0286;66.1307
1753;1754;50.9355;80.0394;66.1391
1754;1755;50.9411;80.0503;66.1474
1755;1756;50.9466;80.0611;66.1557
1756;1757;50.9521;80.0719;66.1641
1757;1758;50.9576;80.0827;66.1724
1758;1759;50.9632;80.0935;66.1807
1759;1760;50.9687;80.1043;66.189
1760;1761;50.9742;80.1151;66.1973
1761;1762;50.9797;80.1258;66.2055
1762;1763;50.9851;80.1366;66.2138
1763;1764;50.9906;80.1473;66.2221
1764;1765;50.9961;80.158;66.2303
1765;1766;51.0016;80.1687;66.2386
1766;1767;51.007;80.1794;66.2468
1767;1768;51.0125;80.1901;66.255
1768;1769;51.018;80.2008;66.2632
1769;1770;51.0234;80.2114;66.2714
1770;1771;51.0288;80.2221;66.2796
1771;1772;51.0343;80.2327;66.2878
1772;1773;51.0397;80.2433;66.296
1773;1774;51.0451;80.254;66.3041
1774;1775;51.0505;80.2646;66.3123
1775;1776;51.0559;80.2751;66.3205
1776;1777;51.0614;80.2857;66.3286
1777;1778;51.0667;80.2963;66.3367
1778;1779;51.0721;80.3068;66.3448
1779;1780;51.0775;80.3174;66.353
1780;1781;51.0829;80.3279;66.3611
1781;1782;51.0883;80.3384;66.3692
1782;1783;51.0936;80.3489;66.3772
1783;1784;51.099;80.3594;66.3853
1784;1785;51.1044;80.3699;66.3934
1785;1786;51.1097;80.3804;66.4014
1786;1787;51.1151;80.3909;66.4095
1787;1788;51.1204;80.4013;66.4175
1788;1789;51.1257;80.4118;66.4256
1789;1790;51.1311;80.4222;66.4336
1790;1791;51.1364;80.4326;66.4416
1791;1792;51.1417;80.443;66.4496
1792;1793;51.147;80.4534;66.4576
1793;1794;51.1523;80.4638;66.4656
1794;1795;51.1576;80.4741;66.4736
1795;1796;51.1629;80.4845;66.4815
1796;1797;51.1682;80.4948;66.4895
1797;1798;51.1735;80.5052;66.4975
1798;1799;51.1787;80.5155;66.5054
1799;1800;51.184;80.5258;66.5133
1800;1801;51.1893;80.5361;66.5213
1801;1802;51.1945;80.5464;66.5292
1802;1803;51.1998;80.5567;66.5371
1803;1804;51.205;80.5669;66.545
1804;1805;51.2102;80.5772;66.5529
1805;1806;51.2155;80.5874;66.5608
1806;1807;51.2207;80.5977;66.5686
1807;1808;51.2259;80.6079;66.5765
1808;1809;51.2311;80.6181;66.5844
1809;1810;51.2364;80.6283;66.5922
1810;1811;51.2416;80.6385;66.6
1811;1812;51.2468;80.6487;66.6079
1812;1813;51.2519;80.6588;66.6157
1813;1814;51.2571;80.669;66.6235
1814;1815;51.2623;80.6791;66.6313
1815;1816;51.2675;80.6893;66.6391
1816;1817;51.2727;80.6994;66.6469
1817;1818;51.2778;80.7095;66.6547
1818;1819;51.283;80.7196;66.6624
1819;1820;51.2881;80.7297;66.6702
1820;1821;51.2933;80.7397;66.6779
1821;1822;51.2984;80.7498;66.6857
1822;1823;51.3036;80.7598;66.6934
1823;1824;51.3087;80.7699;66.7012
1824;1825;51.3138;80.7799;66.7089
1825;1826;51.3189;80.7899;66.7166
1826;1827;51.324;80.7999;66.7243
1827;1828;51.3291;80.8099;66.732
1828;1829;51.3342;80.8199;66.7397
1829;1830;51.3393;80.8299;66.7473
1830;1831;51.3444;80.8399;66.755
1831;1832;51.3495;80.8498;66.7627
1832;1833;51.3546;80.8598;66.7703
1833;1834;51.3597;80.8697;66.7779
1834;1835;51.3647;80.8796;66.7856
1835;1836;51.3698;80.8895;66.7932
1836;1837;51.3748;80.8994;66.8008
1837;1838;51.3799;80.9093;66.8084
1838;1839;51.3849;80.9192;66.816
1839;1840;51.39;80.929;66.8236
1840;1841;51.395;80.9389;66.8312
1841;1842;51.4;80.9487;66.8388
1842;1843;51.4051;80.9586;66.8463
1843;1844;51.4101;80.9684;66.8539
1844;1845;51.4151;80.9782;66.8614
1845;1846;51.4201;80.988;66.869
1846;1847;51.4251;80.9978;66.8765
1847;1848;51.4301;81.0076;66.884
1848;1849;51.4351;81.0173;66.8915
1849;1850;51.4401;81.0271;66.8991
1850;1851;51.445;81.0368;66.9065
1851;1852;51.45;81.0466;66.914
1852;1853;51.455;81.0563;66.9215
1853;1854;51.4599;81.066;66.929
1854;1855;51.4649;81.0757;66.9365
1855;1856;51.4698;81.0854;66.9439
1856;1857;51.4748;81.0951;66.9514
1857;1858;51.4797;81.1047;66.9588
1858;1859;51.4847;81.1144;66.9662
1859;1860;51.4896;81.124;66.9737
1860;1861;51.4945;81.1337;66.9811
1861;1862;51.4994;81.1433;66.9885
1862;1863;51.5043;81.1529;66.9959
1863;1864;51.5093;81.1625;67.0033
1864;1865;51.5142;81.1721;67.0107
1865;1866;51.5191;81.1817;67.018
1866;1867;51.5239;81.1913;67.0254
1867;1868;51.5288;81.2008;67.0328
1868;1869;51.5337;81.2104;67.0401
1869;1870;51.5386;81.2199;67.0474
1870;1871;51.5434;81.2294;67.0548
1871;1872;51.5483;81.239;67.0621
1872;1873;51.5532;81.2485;67.0694
1873;1874;51.558;81.258;67.0767
1874;1875;51.5629;81.2675;67.084
1875;1876;51.5677;81.2769;67.0913
1876;1877;51.5725;81.2864;67.0986
1877;1878;51.5774;81.2959;67.1059
1878;1879;51.5822;81.3053;67.1131
1879;1880;51.587;81.3147;67.1204
1880;1881;51.5918;81.3242;67.1277
1881;1882;51.5966;81.3336;67.1349
1882;1883;51.6015;81.343;67.1421
1883;1884;51.6062;81.3524;67.1494
1884;1885;51.611;81.3618;67.1566
1885;1886;51.6158;81.3711;67.1638
1886;1887;51.6206;81.3805;67.171
1887;1888;51.6254;81.3899;67.1782
1888;1889;51.6302;81.3992;67.1854
1889;1890;51.6349;81.4085;67.1926
1890;1891;51.6397;81.4178;67.1997
1891;1892;51.6444;81.4272;67.2069
1892;1893;51.6492;81.4365;67.2141
1893;1894;51.6539;81.4457;67.2212
1894;1895;51.6587;81.455;67.2284
1895;1896;51.6634;81.4643;67.2355
1896;1897;51.6682;81.4736;67.2426
1897;1898;51.6729;81.4828;67.2497
1898;1899;51.6776;81.492;67.2568
1899;1900;51.6823;81.5013;67.2639
1900;1901;51.687;81.5105;67.271
1901;1902;51.6917;81.5197;67.2781
1902;1903;51.6964;81.5289;67.2852
1903;1904;51.7011;81.5381;67.2923
1904;1905;51.7058;81.5473;67.2993
1905;1906;51.7105;81.5564;67.3064
1906;1907;51.7152;81.5656;67.3134
1907;1908;51.7198;81.5747;67.3205
1908;1909;51.7245;81.5839;67.3275
1909;1910;51.7292;81.593;67.3345
1910;1911;51.7338;81.6021;67.3415
1911;1912;51.7385;81.6112;67.3485
1912;1913;51.7431;81.6203;67.3555
1913;1914;51.7478;81.6294;67.3625
1914;1915;51.7524;81.6385;67.3695
1915;1916;51.757;81.6475;67.3765
1916;1917;51.7617;81.6566;67.3835
1917;1918;51.7663;81.6656;67.3904
1918;1919;51.7709;81.6747;67.3974
1919;1920;51.7755;81.6837;67.4043
1920;1921;51.7801;81.6927;67.4113
1921;1922;51.7847;81.7017;67.4182
1922;1923;51.7893;81.7107;67.4251
1923;1924;51.7939;81.7197;67.432
1924;1925;51.7985;81.7287;67.4389
1925;1926;51.8031;81.7377;67.4458
1926;1927;51.8076;81.7466;67.4527
1927;1928;51.8122;81.7556;67.4596
1928;1929;51.8168;81.7645;67.4665
1929;1930;51.8213;81.7734;67.4733
1930;1931;51.8259;81.7823;67.4802
1931;1932;51.8304;81.7912;67.4871
1932;1933;51.835;81.8001;67.4939
1933;1934;51.8395;81.809;67.5007
1934;1935;51.8441;81.8179;67.5076
1935;1936;51.8486;81.8268;67.5144
1936;1937;51.8531;81.8356;67.5212
1937;1938;51.8576;81.8445;67.528
1938;1939;51.8621;81.8533;67.5348
1939;1940;51.8667;81.8621;67.5416
1940;1941;51.8712;81.871;67.5484
1941;1942;51.8757;81.8798;67.5552
1942;1943;51.8802;81.8886;67.5619
1943;1944;51.8846;81.8973;67.5687
1944;1945;51.8891;81.9061;67.5755
1945;1946;51.8936;81.9149;67.5822
1946;1947;51.8981;81.9237;67.589
1947;1948;51.9025;81.9324;67.5957
1948;1949;51.907;81.9411;67.6024
1949;1950;51.9115;81.9499;67.6091
1950;1951;51.9159;81.9586;67.6158
1951;1952;51.9204;81.9673;67.6225
1952;1953;51.9248;81.976;67.6292
1953;1954;51.9293;81.9847;67.6359
1954;1955;51.9337;81.9934;67.6426
1955;1956;51.9381;82.0021;67.6493
1956;1957;51.9426;82.0107;67.6559
1957;1958;51.947;82.0194;67.6626
1958;1959;51.9514;82.028;67.6693
1959;1960;51.9558;82.0366;67.6759
1960;1961;51.9602;82.0453;67.6825
1961;1962;51.9646;82.0539;67.6892
1962;1963;51.969;82.0625;67.6958
1963;1964;51.9734;82.0711;67.7024
1964;1965;51.9778;82.0797;67.709
1965;1966;51.9822;82.0882;67.7156
1966;1967;51.9865;82.0968;67.7222
1967;1968;51.9909;82.1054;67.7288
1968;1969;51.9953;82.1139;67.7354
1969;1970;51.9996;82.1225;67.7419
1970;1971;52.004;82.131;67.7485
1971;1972;52.0083;82.1395;67.755
1972;1973;52.0127;82.148;67.7616
1973;1974;52.017;82.1565;67.7681
1974;1975;52.0214;82.165;67.7747
1975;1976;52.0257;82.1735;67.7812
1976;1977;52.03;82.182;67.7877
1977;1978;52.0344;82.1904;67.7942
1978;1979;52.0387;82.1989;67.8007
1979;1980;52.043;82.2073;67.8072
1980;1981;52.0473;82.2158;67.8137
1981;1982;52.0516;82.2242;67.8202
1982;1983;52.0559;82.2326;67.8267
1983;1984;52.0602;82.241;67.8332
1984;1985;52.0645;82.2494;67.8396
1985;1986;52.0688;82.2578;67.8461
1986;1987;52.0731;82.2662;67.8525
1987;1988;52.0773;82.2745;67.859
1988;1989;52.0816;82.2829;67.8654
1989;1990;52.0859;82.2913;67.8718
1990;1991;52.0901;82.2996;67.8782
1991;1992;52.0944;82.3079;67.8846
1992;1993;52.0986;82.3163;67.891
1993;1994;52.1029;82.3246;67.8974
1994;1995;52.1071;82.3329;67.9038
1995;1996;52.1114;82.3412;67.9102
1996;1997;52.1156;82.3495;67.9166
1997;1998;52.1198;82.3577;67.923
1998;1999;52.124;82.366;67.9293
1999;2000;52.1283;82.3743;67.9357
