0;10;20.8594;21.9927;21.499
1;20;20.7327;22.7527;22.0059
2;30;20.6102;23.4922;22.5091
3;40;20.4894;24.223;23.0076
4;50;20.3698;24.9466;23.5014
5;60;20.2513;25.6633;23.9904
6;70;20.134;26.3731;24.4748
7;80;20.0177;27.0761;24.9545
8;90;19.9026;27.7724;25.4297
9;100;19.7886;28.4621;25.9003
10;110;19.6757;29.1451;26.3664
11;120;19.5639;29.8216;26.828
12;130;19.4532;30.4917;27.2853
13;140;19.3435;31.1553;27.7381
14;150;19.2348;31.8126;28.1867
15;160;19.1272;32.4636;28.6309
16;170;19.0206;33.1084;29.0709
17;180;18.9151;33.747;29.5066
18;190;18.8105;34.3794;29.9382
19;200;18.7069;35.0059;30.3657
20;210;18.6044;35.6263;30.7891
21;220;18.5028;36.2409;31.2085
22;230;18.4022;36.8495;31.6238
23;240;18.3026;37.4523;32.0351
24;250;18.2039;38.0494;32.4426
25;260;18.1061;38.6407;32.8461
26;270;18.0093;39.2264;33.2457
27;280;17.9134;39.8065;33.6416
28;290;17.8184;40.381;34.0336
29;300;17.7244;40.95;34.4219
30;310;17.6312;41.5136;34.8065
31;320;17.5389;42.0718;35.1874
32;330;17.4476;42.6247;35.5647
33;340;17.357;43.1722;35.9384
34;350;17.2674;43.7146;36.3084
35;360;17.1786;44.2517;36.675
36;370;17.0907;44.7837;37.038
37;380;17.0036;45.3107;37.3976
38;390;16.9173;45.8325;37.7537
39;400;16.8319;46.3494;38.1064
40;410;16.7472;46.8614;38.4558
41;420;16.6634;47.3684;38.8018
42;430;16.5804;47.8706;39.1445
43;440;16.4982;48.368;39.4839
44;450;16.4167;48.8606;39.8201
45;460;16.3361;49.3485;40.153
46;470;16.2562;49.8318;40.4828
47;480;16.1771;50.3104;40.8094
48;490;16.0987;50.7845;41.1329
49;500;16.0211;51.254;41.4533
50;510;15.9443;51.719;41.7706
51;520;15.8681;52.1796;42.0849
52;530;15.7927;52.6358;42.3962
53;540;15.718;53.0876;42.7045
54;550;15.6441;53.5351;43.0099
55;560;15.5708;53.9783;43.3123
56;570;15.4982;54.4173;43.6118
57;580;15.4264;54.852;43.9085
58;590;15.3552;55.2826;44.2024
59;600;15.2847;55.7091;44.4934
60;610;15.2149;56.1315;44.7817
61;620;15.1457;56.5499;45.0672
62;630;15.0772;56.9643;45.3499
63;640;15.0094;57.3747;45.63
64;650;14.9422;57.7812;45.9073
65;660;14.8756;58.1838;46.1821
66;670;14.8097;58.5825;46.4542
67;680;14.7444;58.9774;46.7237
68;690;14.6798;59.3686;46.9906
69;700;14.6157;59.756;47.2549
70;710;14.5523;60.1397;47.5168
71;720;14.4895;60.5197;47.7761
72;730;14.4273;60.8961;48.033
73;740;14.3657;61.2689;48.2873
74;750;14.3046;61.6381;48.5393
75;760;14.2442;62.0038;48.7889
76;770;14.1843;62.366;49.036
77;780;14.125;62.7248;49.2808
78;790;14.0663;63.0801;49.5233
79;800;14.0081;63.432;49.7634
80;810;13.9505;63.7805;50.0012
81;820;13.8934;64.1257;50.2368
82;830;13.8369;64.4676;50.4701
83;840;13.7809;64.8063;50.7012
84;850;13.7255;65.1417;50.9301
85;860;13.6706;65.4738;51.1567
86;870;13.6162;65.8028;51.3813
87;880;13.5623;66.1287;51.6036
88;890;13.509;66.4514;51.8239
89;900;13.4561;66.7711;52.042
90;910;13.4038;67.0877;52.258
91;920;13.352;67.4013;52.472
92;930;13.3006;67.7118;52.6839
93;940;13.2498;68.0194;52.8938
94;950;13.1994;68.3241;53.1017
95;960;13.1495;68.6258;53.3076
96;970;13.1001;68.9247;53.5116
97;980;13.0512;69.2207;53.7136
98;990;13.0028;69.5139;53.9136
99;1000;12.9548;69.8042;54.1118
100;1010;12.9072;70.0918;54.308
101;1020;12.8601;70.3766;54.5024
102;1030;12.8135;70.6588;54.6949
103;1040;12.7673;70.9382;54.8855
104;1050;12.7216;71.2149;55.0744
105;1060;12.6763;71.489;55.2614
106;1070;12.6314;71.7605;55.4467
107;1080;12.5869;72.0293;55.6301
108;1090;12.5429;72.2956;55.8119
109;1100;12.4993;72.5594;55.9918
110;1110;12.4561;72.8206;56.1701
111;1120;12.4134;73.0793;56.3467
112;1130;12.371;73.3356;56.5215
113;1140;12.3291;73.5894;56.6947
114;1150;12.2875;73.8408;56.8663
115;1160;12.2464;74.0898;57.0362
116;1170;12.2056;74.3363;57.2044
117;1180;12.1652;74.5806;57.3711
118;1190;12.1252;74.8225;57.5362
119;1200;12.0856;75.0621;57.6996
120;1210;12.0464;75.2994;57.8616
121;1220;12.0076;75.5344;58.0219
122;1230;11.9691;75.7671;58.1808
123;1240;11.931;75.9977;58.3381
124;1250;11.8932;76.226;58.4939
125;1260;11.8558;76.4522;58.6483
126;1270;11.8188;76.6762;58.8011
127;1280;11.7821;76.898;58.9525
128;1290;11.7458;77.1178;59.1024
129;1300;11.7099;77.3354;59.2509
130;1310;11.6742;77.5509;59.398
131;1320;11.6389;77.7644;59.5437
132;1330;11.604;77.9759;59.688
133;1340;11.5694;78.1853;59.8309
134;1350;11.5351;78.3927;59.9724
135;1360;11.5011;78.5981;60.1126
136;1370;11.4675;78.8016;60.2515
137;1380;11.4342;79.0031;60.389
138;1390;11.4012;79.2027;60.5252
139;1400;11.3685;79.4004;60.6601
140;1410;11.3361;79.5962;60.7937
141;1420;11.3041;79.7901;60.926
142;1430;11.2723;79.9822;61.0571
143;1440;11.2409;80.1724;61.1869
144;1450;11.2097;80.3608;61.3154
145;1460;11.1789;80.5474;61.4428
146;1470;11.1484;80.7322;61.5689
147;1480;11.1181;80.9153;61.6938
148;1490;11.0881;81.0966;61.8175
149;1500;11.0584;81.2761;61.9401
150;1510;11.029;81.454;62.0614
151;1520;10.9999;81.6301;62.1816
152;1530;10.9711;81.8046;62.3007
153;1540;10.9425;81.9774;62.4186
154;1550;10.9142;82.1485;62.5354
155;1560;10.8862;82.318;62.6511
156;1570;10.8585;82.4859;62.7656
157;1580;10.831;82.6522;62.8791
158;1590;10.8038;82.8169;62.9915
159;1600;10.7768;82.98;63.1028
160;1610;10.7501;83.1415;63.213
161;1620;10.7236;83.3016;63.3222
162;1630;10.6974;83.46;63.4303
163;1640;10.6715;83.617;63.5374
164;1650;10.6458;83.7724;63.6435
165;1660;10.6203;83.9264;63.7486
166;1670;10.5951;84.0789;63.8527
167;1680;10.5702;84.23;63.9557
168;1690;10.5454;84.3795;64.0578
169;1700;10.521;84.5277;64.1589
170;1710;10.4967;84.6745;64.259
171;1720;10.4727;84.8198;64.3582
172;1730;10.4489;84.9638;64.4565
173;1740;10.4253;85.1063;64.5538
174;1750;10.402;85.2475;64.6501
175;1760;10.3788;85.3874;64.7456
176;1770;10.3559;85.5259;64.8401
177;1780;10.3333;85.6631;64.9337
178;1790;10.3108;85.799;65.0264
179;1800;10.2886;85.9336;65.1183
180;1810;10.2665;86.0669;65.2092
181;1820;10.2447;86.1989;65.2993
182;1830;10.2231;86.3297;65.3886
183;1840;10.2017;86.4592;65.4769
184;1850;10.1805;86.5875;65.5645
185;1860;10.1595;86.7145;65.6512
186;1870;10.1387;86.8403;65.737
187;1880;10.1181;86.965;65.8221
188;1890;10.0977;87.0884;65.9063
189;1900;10.0775;87.2106;65.9897
190;1910;10.0574;87.3317;66.0723
191;1920;10.0376;87.4516;66.1542
192;1930;10.018;87.5704;66.2352
193;1940;9.99855;87.6881;66.3155
194;1950;9.97929;87.8046;66.395
195;1960;9.96021;87.92;66.4738
196;1970;9.94132;88.0343;66.5518
197;1980;9.9226;88.1475;66.629
198;1990;9.90407;88.2596;66.7055
199;2000;9.88571;88.3707;66.7813
200;2010;9.86753;88.4806;66.8563
201;2020;9.84953;88.5896;66.9307
202;2030;9.83169;88.6975;67.0043
203;2040;9.81403;88.8043;67.0772
204;2050;9.79653;88.9102;67.1495
205;2060;9.7792;89.015;67.221
206;2070;9.76204;89.1188;67.2918
207;2080;9.74504;89.2216;67.362
208;2090;9.72821;89.3235;67.4315
209;2100;9.71153;89.4244;67.5003
210;2110;9.69502;89.5243;67.5685
211;2120;9.67866;89.6232;67.636
212;2130;9.66246;89.7212;67.7029
213;2140;9.64642;89.8183;67.7691
214;2150;9.63053;89.9144;67.8348
215;2160;9.61479;90.0096;67.8997
216;2170;9.5992;90.104;67.9641
217;2180;9.58376;90.1974;68.0278
218;2190;9.56846;90.2899;68.091
219;2200;9.55332;90.3815;68.1535
220;2210;9.53832;90.4723;68.2154
221;2220;9.52346;90.5621;68.2767
222;2230;9.50874;90.6512;68.3375
223;2240;9.49417;90.7393;68.3977
224;2250;9.47973;90.8267;68.4573
225;2260;9.46543;90.9132;68.5163
226;2270;9.45127;90.9988;68.5747
227;2280;9.43725;91.0837;68.6326
228;2290;9.42336;91.1677;68.69
229;2300;9.4096;91.2509;68.7468
230;2310;9.39597;91.3334;68.803
231;2320;9.38248;91.415;68.8587
232;2330;9.36911;91.4959;68.9139
233;2340;9.35587;91.576;68.9686
234;2350;9.34276;91.6553;69.0227
235;2360;9.32977;91.7339;69.0763
236;2370;9.31691;91.8117;69.1294
237;2380;9.30417;91.8888;69.182
238;2390;9.29155;91.9651;69.2341
239;2400;9.27905;92.0407;69.2857
240;2410;9.26667;92.1156;69.3368
241;2420;9.25442;92.1897;69.3874
242;2430;9.24227;92.2632;69.4375
243;2440;9.23025;92.3359;69.4872
244;2450;9.21834;92.408;69.5363
245;2460;9.20654;92.4794;69.585
246;2470;9.19485;92.5501;69.6333
247;2480;9.18328;92.6201;69.681
248;2490;9.17182;92.6894;69.7284
249;2500;9.16047;92.7581;69.7752
250;2510;9.14923;92.8261;69.8216
251;2520;9.13809;92.8935;69.8676
252;2530;9.12706;92.9602;69.9131
253;2540;9.11614;93.0263;69.9582
254;2550;9.10532;93.0917;70.0029
255;2560;9.0946;93.1565;70.0471
256;2570;9.08399;93.2208;70.091
257;2580;9.07348;93.2843;70.1343
258;2590;9.06306;93.3473;70.1773
259;2600;9.05275;93.4097;70.2199
260;2610;9.04254;93.4715;70.2621
261;2620;9.03242;93.5327;70.3038
262;2630;9.02241;93.5933;70.3452
263;2640;9.01248;93.6533;70.3861
264;2650;9.00265;93.7128;70.4267
265;2660;8.99292;93.7717;70.4669
266;2670;8.98328;93.83;70.5067
267;2680;8.97373;93.8878;70.5461
268;2690;8.96427;93.945;70.5852
269;2700;8.95491;94.0016;70.6238
270;2710;8.94563;94.0578;70.6621
271;2720;8.93644;94.1133;70.7
272;2730;8.92734;94.1684;70.7376
273;2740;8.91833;94.2229;70.7748
274;2750;8.9094;94.2769;70.8117
275;2760;8.90056;94.3304;70.8482
276;2770;8.8918;94.3834;70.8843
277;2780;8.88313;94.4359;70.9201
278;2790;8.87454;94.4878;70.9556
279;2800;8.86603;94.5393;70.9907
280;2810;8.8576;94.5903;71.0255
281;2820;8.84926;94.6408;71.06
282;2830;8.84099;94.6908;71.0941
283;2840;8.8328;94.7403;71.1279
284;2850;8.82469;94.7894;71.1614
285;2860;8.81666;94.838;71.1945
286;2870;8.80871;94.8861;71.2274
287;2880;8.80083;94.9338;71.2599
288;2890;8.79302;94.981;71.2921
289;2900;8.78529;95.0277;71.324
290;2910;8.77764;95.074;71.3556
291;2920;8.77006;95.1199;71.3869
292;2930;8.76255;95.1653;71.4179
293;2940;8.75511;95.2103;71.4486
294;2950;8.74775;95.2549;71.479
295;2960;8.74045;95.299;71.5091
296;2970;8.73323;95.3427;71.539
297;2980;8.72607;95.386;71.5685
298;2990;8.71898;95.4289;71.5978
299;3000;8.71196;95.4714;71.6267
300;3010;8.70501;95.5134;71.6555
301;3020;8.69812;95.5551;71.6839
302;3030;8.6913;95.5964;71.712
303;3040;8.68454;95.6372;71.7399
304;3050;8.67785;95.6777;71.7675
305;3060;8.67123;95.7178;71.7949
306;3070;8.66466;95.7575;71.822
307;3080;8.65816;95.7968;71.8488
308;3090;8.65172;95.8358;71.8754
309;3100;8.64535;95.8744;71.9017
310;3110;8.63903;95.9126;71.9278
311;3120;8.63277;95.9504;71.9536
312;3130;8.62658;95.9879;71.9792
313;3140;8.62044;96.025;72.0046
314;3150;8.61436;96.0618;72.0296
315;3160;8.60834;96.0982;72.0545
316;3170;8.60238;96.1343;72.0791
317;3180;8.59648;96.17;72.1035
318;3190;8.59063;96.2054;72.1276
319;3200;8.58484;96.2404;72.1515
320;3210;8.5791;96.2751;72.1752
321;3220;8.57342;96.3095;72.1987
322;3230;8.56779;96.3435;72.2219
323;3240;8.56221;96.3773;72.2449
324;3250;8.55669;96.4107;72.2677
325;3260;8.55122;96.4437;72.2903
326;3270;8.54581;96.4765;72.3126
327;3280;8.54045;96.509;72.3348
328;3290;8.53513;96.5411;72.3567
329;3300;8.52987;96.5729;72.3784
330;3310;8.52466;96.6045;72.4
331;3320;8.5195;96.6357;72.4213
332;3330;8.51439;96.6666;72.4424
333;3340;8.50932;96.6972;72.4633
334;3350;8.50431;96.7276;72.484
335;3360;8.49934;96.7576;72.5045
336;3370;8.49442;96.7874;72.5248
337;3380;8.48955;96.8169;72.5449
338;3390;8.48472;96.8461;72.5648
339;3400;8.47994;96.875;72.5846
340;3410;8.47521;96.9036;72.6041
341;3420;8.47052;96.932;72.6234
342;3430;8.46588;96.9601;72.6426
343;3440;8.46128;96.9879;72.6616
344;3450;8.45672;97.0154;72.6804
345;3460;8.45221;97.0427;72.699
346;3470;8.44774;97.0698;72.7175
347;3480;8.44332;97.0965;72.7358
348;3490;8.43893;97.1231;72.7539
349;3500;8.43459;97.1493;72.7718
350;3510;8.43029;97.1753;72.7895
351;3520;8.42603;97.2011;72.8071
352;3530;8.42181;97.2266;72.8245
353;3540;8.41764;97.2519;72.8418
354;3550;8.4135;97.2769;72.8588
355;3560;8.4094;97.3017;72.8758
356;3570;8.40534;97.3263;72.8925
357;3580;8.40132;97.3506;72.9091
358;3590;8.39734;97.3747;72.9256
359;3600;8.39339;97.3985;72.9418
360;3610;8.38949;97.4222;72.958
361;3620;8.38562;97.4456;72.9739
362;3630;8.38179;97.4688;72.9898
363;3640;8.37799;97.4917;73.0054
364;3650;8.37423;97.5145;73.0209
365;3660;8.37051;97.537;73.0363
366;3670;8.36683;97.5593;73.0515
367;3680;8.36317;97.5814;73.0666
368;3690;8.35956;97.6033;73.0815
369;3700;8.35597;97.6249;73.0963
370;3710;8.35243;97.6464;73.111
371;3720;8.34891;97.6677;73.1255
372;3730;8.34543;97.6887;73.1398
373;3740;8.34198;97.7096;73.1541
374;3750;8.33857;97.7302;73.1682
375;3760;8.33519;97.7507;73.1821
376;3770;8.33184;97.7709;73.1959
377;3780;8.32852;97.791;73.2096
378;3790;8.32524;97.8109;73.2232
379;3800;8.32198;97.8306;73.2366
380;3810;8.31876;97.8501;73.2499
381;3820;8.31557;97.8694;73.2631
382;3830;8.31241;97.8885;73.2762
383;3840;8.30927;97.9074;73.2891
384;3850;8.30617;97.9262;73.3019
385;3860;8.3031;97.9448;73.3146
386;3870;8.30006;97.9632;73.3271
387;3880;8.29705;97.9814;73.3396
388;3890;8.29406;97.9995;73.3519
389;3900;8.29111;98.0174;73.3641
390;3910;8.28818;98.0351;73.3762
391;3920;8.28528;98.0526;73.3882
392;3930;8.28241;98.07;73.4
393;3940;8.27956;98.0872;73.4118
394;3950;8.27675;98.1042;73.4234
395;3960;8.27396;98.1211;73.4349
396;3970;8.27119;98.1378;73.4463
397;3980;8.26845;98.1544;73.4576
398;3990;8.26574;98.1708;73.4688
399;4000;8.26306;98.187;73.4799
400;4010;8.2604;98.2031;73.4909
401;4020;8.25777;98.219;73.5017
402;4030;8.25516;98.2348;73.5125
403;4040;8.25257;98.2505;73.5232
404;4050;8.25001;98.2659;73.5337
405;4060;8.24748;98.2813;73.5442
406;4070;8.24497;98.2965;73.5546
407;4080;8.24248;98.3115;73.5648
408;4090;8.24002;98.3264;73.575
409;4100;8.23758;98.3411;73.5851
410;4110;8.23517;98.3558;73.595
411;4120;8.23277;98.3702;73.6049
412;4130;8.2304;98.3846;73.6147
413;4140;8.22806;98.3988;73.6244
414;4150;8.22573;98.4128;73.634
415;4160;8.22343;98.4268;73.6435
416;4170;8.22115;98.4406;73.6529
417;4180;8.21889;98.4542;73.6622
418;4190;8.21666;98.4677;73.6714
419;4200;8.21444;98.4811;73.6806
420;4210;8.21225;98.4944;73.6896
421;4220;8.21007;98.5076;73.6986
422;4230;8.20792;98.5206;73.7075
423;4240;8.20579;98.5335;73.7163
424;4250;8.20368;98.5463;73.725
425;4260;8.20159;98.5589;73.7337
426;4270;8.19951;98.5714;73.7422
427;4280;8.19746;98.5839;73.7507
428;4290;8.19543;98.5961;73.7591
429;4300;8.19342;98.6083;73.7674
430;4310;8.19143;98.6204;73.7756
431;4320;8.18945;98.6323;73.7837
432;4330;8.1875;98.6441;73.7918
433;4340;8.18556;98.6559;73.7998
434;4350;8.18364;98.6675;73.8077
435;4360;8.18174;98.679;73.8156
436;4370;8.17986;98.6903;73.8233
437;4380;8.178;98.7016;73.831
438;4390;8.17615;98.7128;73.8387
439;4400;8.17432;98.7238;73.8462
440;4410;8.17251;98.7348;73.8537
441;4420;8.17072;98.7456;73.8611
442;4430;8.16894;98.7564;73.8684
443;4440;8.16719;98.767;73.8757
444;4450;8.16544;98.7776;73.8829
445;4460;8.16372;98.788;73.89
446;4470;8.16201;98.7983;73.897
447;4480;8.16032;98.8086;73.904
448;4490;8.15864;98.8187;73.9109
449;4500;8.15698;98.8288;73.9178
450;4510;8.15534;98.8387;73.9246
451;4520;8.15371;98.8486;73.9313
452;4530;8.15209;98.8583;73.938
453;4540;8.1505;98.868;73.9446
454;4550;8.14891;98.8776;73.9511
455;4560;8.14735;98.887;73.9576
456;4570;8.14579;98.8964;73.964
457;4580;8.14426;98.9057;73.9703
458;4590;8.14273;98.915;73.9766
459;4600;8.14122;98.9241;73.9828
460;4610;8.13973;98.9331;73.989
461;4620;8.13825;98.9421;73.9951
462;4630;8.13679;98.9509;74.0012
463;4640;8.13533;98.9597;74.0072
464;4650;8.1339;98.9684;74.0131
465;4660;8.13247;98.977;74.019
466;4670;8.13106;98.9855;74.0248
467;4680;8.12967;98.994;74.0306
468;4690;8.12828;99.0024;74.0363
469;4700;8.12691;99.0107;74.0419
470;4710;8.12556;99.0189;74.0475
471;4720;8.12421;99.027;74.0531
472;4730;8.12288;99.035;74.0586
473;4740;8.12156;99.043;74.064
474;4750;8.12026;99.0509;74.0694
475;4760;8.11896;99.0587;74.0747
476;4770;8.11768;99.0665;74.08
477;4780;8.11641;99.0742;74.0853
478;4790;8.11516;99.0818;74.0905
479;4800;8.11391;99.0893;74.0956
480;4810;8.11268;99.0968;74.1007
481;4820;8.11146;99.1041;74.1057
482;4830;8.11025;99.1115;74.1107
483;4840;8.10905;99.1187;74.1157
484;4850;8.10787;99.1259;74.1205
485;4860;8.10669;99.133;74.1254
486;4870;8.10553;99.14;74.1302
487;4880;8.10438;99.147;74.135
488;4890;8.10323;99.1539;74.1397
489;4900;8.1021;99.1607;74.1443
490;4910;8.10098;99.1675;74.149
491;4920;8.09988;99.1742;74.1535
492;4930;8.09878;99.1809;74.1581
493;4940;8.09769;99.1874;74.1626
494;4950;8.09661;99.194;74.167
495;4960;8.09554;99.2004;74.1714
496;4970;8.09449;99.2068;74.1758
497;4980;8.09344;99.2131;74.1801
498;4990;8.0924;99.2194;74.1844
499;5000;8.09138;99.2256;74.1886
500;5010;8.09036;99.2318;74.1928
501;5020;8.08935;99.2379;74.197
502;5030;8.08836;99.2439;74.2011
503;5040;8.08737;99.2499;74.2052
504;5050;8.08639;99.2558;74.2092
505;5060;8.08542;99.2617;74.2132
506;5070;8.08446;99.2675;74.2172
507;5080;8.08351;99.2732;74.2211
508;5090;8.08257;99.2789;74.225
509;5100;8.08163;99.2846;74.2288
510;5110;8.08071;99.2902;74.2327
511;5120;8.0798;99.2957;74.2364
512;5130;8.07889;99.3012;74.2402
513;5140;8.07799;99.3066;74.2439
514;5150;8.0771;99.312;74.2475
515;5160;8.07622;99.3173;74.2512
516;5170;8.07535;99.3226;74.2548
517;5180;8.07449;99.3278;74.2583
518;5190;8.07363;99.333;74.2619
519;5200;8.07278;99.3381;74.2654
520;5210;8.07194;99.3432;74.2688
521;5220;8.07111;99.3482;74.2723
522;5230;8.07029;99.3532;74.2757
523;5240;8.06947;99.3581;74.279
524;5250;8.06867;99.363;74.2824
525;5260;8.06787;99.3679;74.2857
526;5270;8.06707;99.3726;74.2889
527;5280;8.06629;99.3774;74.2922
528;5290;8.06551;99.3821;74.2954
529;5300;8.06474;99.3867;74.2986
530;5310;8.06398;99.3914;74.3017
531;5320;8.06323;99.3959;74.3048
532;5330;8.06248;99.4005;74.3079
533;5340;8.06174;99.4049;74.311
534;5350;8.061;99.4094;74.314
535;5360;8.06028;99.4138;74.317
536;5370;8.05956;99.4181;74.32
537;5380;8.05885;99.4224;74.3229
538;5390;8.05814;99.4267;74.3258
539;5400;8.05744;99.4309;74.3287
540;5410;8.05675;99.4351;74.3316
541;5420;8.05606;99.4393;74.3344
542;5430;8.05538;99.4434;74.3372
543;5440;8.05471;99.4474;74.34
544;5450;8.05404;99.4515;74.3427
545;5460;8.05338;99.4555;74.3455
546;5470;8.05273;99.4594;74.3482
547;5480;8.05208;99.4633;74.3508
548;5490;8.05144;99.4672;74.3535
549;5500;8.05081;99.4711;74.3561
550;5510;8.05018;99.4749;74.3587
551;5520;8.04956;99.4786;74.3613
552;5530;8.04894;99.4824;74.3638
553;5540;8.04833;99.4861;74.3663
554;5550;8.04772;99.4897;74.3688
555;5560;8.04712;99.4933;74.3713
556;5570;8.04653;99.4969;74.3738
557;5580;8.04594;99.5005;74.3762
558;5590;8.04536;99.504;74.3786
559;5600;8.04478;99.5075;74.381
560;5610;8.04421;99.511;74.3833
561;5620;8.04364;99.5144;74.3857
562;5630;8.04308;99.5178;74.388
563;5640;8.04253;99.5211;74.3903
564;5650;8.04198;99.5245;74.3925
565;5660;8.04143;99.5278;74.3948
566;5670;8.0409;99.531;74.397
567;5680;8.04036;99.5343;74.3992
568;5690;8.03983;99.5375;74.4014
569;5700;8.03931;99.5406;74.4036
570;5710;8.03879;99.5438;74.4057
571;5720;8.03828;99.5469;74.4078
572;5730;8.03777;99.55;74.4099
573;5740;8.03726;99.553;74.412
574;5750;8.03676;99.556;74.4141
575;5760;8.03627;99.559;74.4161
576;5770;8.03578;99.562;74.4181
577;5780;8.03529;99.5649;74.4201
578;5790;8.03481;99.5678;74.4221
579;5800;8.03434;99.5707;74.4241
580;5810;8.03387;99.5736;74.426
581;5820;8.0334;99.5764;74.428
582;5830;8.03294;99.5792;74.4299
583;5840;8.03248;99.5819;74.4318
584;5850;8.03202;99.5847;74.4336
585;5860;8.03157;99.5874;74.4355
586;5870;8.03113;99.5901;74.4373
587;5880;8.03069;99.5928;74.4391
588;5890;8.03025;99.5954;74.441
589;5900;8.02982;99.598;74.4427
590;5910;8.02939;99.6006;74.4445
591;5920;8.02897;99.6032;74.4463
592;5930;8.02855;99.6057;74.448
593;5940;8.02813;99.6082;74.4497
594;5950;8.02772;99.6107;74.4514
595;5960;8.02731;99.6132;74.4531
596;5970;8.02691;99.6156;74.4548
597;5980;8.02651;99.6181;74.4564
598;5990;8.02611;99.6205;74.458
599;6000;8.02572;99.6228;74.4597
