0;10;20.8527;22.1566;21.622
1;20;20.7172;22.9855;22.2571
2;30;20.5857;23.7847;22.8879
3;40;20.4559;24.573;23.5126
4;50;20.3276;25.3527;24.1309
5;60;20.2006;26.1242;24.7429
6;70;20.075;26.8877;25.3485
7;80;19.9506;27.6433;25.9478
8;90;19.8275;28.3911;26.5409
9;100;19.7057;29.1312;27.1279
10;110;19.5852;29.8636;27.7089
11;120;19.4659;30.5885;28.2838
12;130;19.3478;31.3058;28.8528
13;140;19.231;32.0158;29.4159
14;150;19.1154;32.7184;29.9732
15;160;19.0009;33.4137;30.5247
16;170;18.8877;34.1019;31.0705
17;180;18.7756;34.7829;31.6107
18;190;18.6647;35.4569;32.1453
19;200;18.5549;36.1239;32.6744
20;210;18.4463;36.784;33.198
21;220;18.3388;37.4373;33.7162
22;230;18.2323;38.0839;34.229
23;240;18.127;38.7238;34.7365
24;250;18.0228;39.357;35.2388
25;260;17.9197;39.9837;35.7359
26;270;17.8176;40.604;36.2279
27;280;17.7166;41.2178;36.7147
28;290;17.6166;41.8252;37.1966
29;300;17.5177;42.4264;37.6734
30;310;17.4198;43.0214;38.1453
31;320;17.3228;43.6102;38.6124
32;330;17.2269;44.193;39.0746
33;340;17.132;44.7697;39.532
34;350;17.0381;45.3404;39.9847
35;360;16.9451;45.9053;40.4328
36;370;16.8531;46.4643;40.8762
37;380;16.7621;47.0175;41.315
38;390;16.672;47.565;41.7493
39;400;16.5828;48.1069;42.179
40;410;16.4946;48.6431;42.6044
41;420;16.4072;49.1739;43.0253
42;430;16.3208;49.6991;43.4419
43;440;16.2352;50.2189;43.8542
44;450;16.1506;50.7333;44.2622
45;460;16.0668;51.2424;44.666
46;470;15.9839;51.7462;45.0657
47;480;15.9018;52.2448;45.4612
48;490;15.8206;52.7383;45.8526
49;500;15.7402;53.2267;46.24
50;510;15.6607;53.71;46.6233
51;520;15.582;54.1883;47.0027
52;530;15.504;54.6617;47.3782
53;540;15.4269;55.1302;47.7498
54;550;15.3506;55.5939;48.1175
55;560;15.2751;56.0527;48.4815
56;570;15.2004;56.5068;48.8417
57;580;15.1264;56.9562;49.1981
58;590;15.0532;57.401;49.5509
59;600;14.9808;57.8412;49.9001
60;610;14.9091;58.2768;50.2456
61;620;14.8381;58.7079;50.5875
62;630;14.7679;59.1346;50.926
63;640;14.6984;59.5568;51.2609
64;650;14.6297;59.9747;51.5923
65;660;14.5616;60.3883;51.9204
66;670;14.4942;60.7976;52.245
67;680;14.4276;61.2026;52.5663
68;690;14.3616;61.6035;52.8842
69;700;14.2963;62.0002;53.1989
70;710;14.2317;62.3928;53.5103
71;720;14.1678;62.7814;53.8185
72;730;14.1045;63.1659;54.1236
73;740;14.0418;63.5465;54.4254
74;750;13.9798;63.9232;54.7242
75;760;13.9185;64.2959;55.0198
76;770;13.8578;64.6648;55.3124
77;780;13.7977;65.0299;55.602
78;790;13.7382;65.3912;55.8886
79;800;13.6794;65.7487;56.1722
80;810;13.6212;66.1026;56.4529
81;820;13.5635;66.4528;56.7306
82;830;13.5065;66.7994;57.0056
83;840;13.45;67.1424;57.2776
84;850;13.3942;67.4819;57.5469
85;860;13.3389;67.8179;57.8133
86;870;13.2842;68.1503;58.0771
87;880;13.23;68.4794;58.3381
88;890;13.1764;68.805;58.5963
89;900;13.1234;69.1273;58.852
90;910;13.0709;69.4462;59.105
91;920;13.0189;69.7619;59.3553
92;930;12.9675;70.0743;59.6031
93;940;12.9166;70.3834;59.8483
94;950;12.8663;70.6894;60.091
95;960;12.8165;70.9922;60.3312
96;970;12.7671;71.2919;60.5689
97;980;12.7183;71.5884;60.8041
98;990;12.67;71.8819;61.0369
99;1000;12.6222;72.1724;61.2673
100;1010;12.5749;72.4599;61.4953
101;1020;12.5281;72.7444;61.7209
102;1030;12.4818;73.0259;61.9443
103;1040;12.4359;73.3045;62.1653
104;1050;12.3905;73.5803;62.384
105;1060;12.3456;73.8532;62.6005
106;1070;12.3012;74.1233;62.8147
107;1080;12.2572;74.3906;63.0267
108;1090;12.2136;74.6551;63.2365
109;1100;12.1705;74.9169;63.4442
110;1110;12.1279;75.176;63.6497
111;1120;12.0857;75.4324;63.8531
112;1130;12.0439;75.6862;64.0544
113;1140;12.0026;75.9373;64.2536
114;1150;11.9617;76.1859;64.4507
115;1160;11.9212;76.4319;64.6458
116;1170;11.8812;76.6753;64.8389
117;1180;11.8415;76.9162;65.03
118;1190;11.8023;77.1546;65.2191
119;1200;11.7634;77.3906;65.4062
120;1210;11.725;77.6241;65.5915
121;1220;11.687;77.8552;65.7748
122;1230;11.6493;78.0839;65.9562
123;1240;11.6121;78.3103;66.1357
124;1250;11.5752;78.5343;66.3134
125;1260;11.5387;78.756;66.4893
126;1270;11.5026;78.9754;66.6633
127;1280;11.4669;79.1925;66.8355
128;1290;11.4315;79.4074;67.006
129;1300;11.3965;79.6201;67.1746
130;1310;11.3619;79.8306;67.3416
131;1320;11.3276;80.0389;67.5068
132;1330;11.2937;80.245;67.6703
133;1340;11.2601;80.449;67.8321
134;1350;11.2269;80.6509;67.9923
135;1360;11.194;80.8507;68.1508
136;1370;11.1614;81.0485;68.3076
137;1380;11.1292;81.2442;68.4628
138;1390;11.0974;81.4379;68.6165
139;1400;11.0658;81.6296;68.7685
140;1410;11.0346;81.8193;68.919
141;1420;11.0037;82.007;69.0679
142;1430;10.9731;82.1928;69.2152
143;1440;10.9429;82.3767;69.3611
144;1450;10.9129;82.5586;69.5054
145;1460;10.8833;82.7387;69.6483
146;1470;10.8539;82.917;69.7896
147;1480;10.8249;83.0934;69.9296
148;1490;10.7962;83.2679;70.068
149;1500;10.7677;83.4407;70.205
150;1510;10.7396;83.6117;70.3407
151;1520;10.7118;83.7809;70.4749
152;1530;10.6842;83.9483;70.6077
153;1540;10.6569;84.1141;70.7391
154;1550;10.6299;84.2781;70.8692
155;1560;10.6032;84.4404;70.998
156;1570;10.5768;84.601;71.1254
157;1580;10.5506;84.76;71.2515
158;1590;10.5247;84.9173;71.3763
159;1600;10.4991;85.0731;71.4998
160;1610;10.4737;85.2272;71.622
161;1620;10.4486;85.3797;71.743
162;1630;10.4238;85.5306;71.8627
163;1640;10.3992;85.68;71.9812
164;1650;10.3749;85.8278;72.0984
165;1660;10.3508;85.9741;72.2145
166;1670;10.327;86.1189;72.3293
167;1680;10.3034;86.2622;72.443
168;1690;10.2801;86.404;72.5555
169;1700;10.257;86.5443;72.6668
170;1710;10.2341;86.6832;72.7769
171;1720;10.2115;86.8207;72.886
172;1730;10.1891;86.9567;72.9939
173;1740;10.1669;87.0913;73.1006
174;1750;10.145;87.2246;73.2063
175;1760;10.1233;87.3564;73.3109
176;1770;10.1018;87.4869;73.4144
177;1780;10.0806;87.6161;73.5169
178;1790;10.0595;87.7439;73.6182
179;1800;10.0387;87.8704;73.7186
180;1810;10.0181;87.9955;73.8178
181;1820;9.99774;88.1194;73.9161
182;1830;9.97756;88.242;74.0134
183;1840;9.95759;88.3634;74.1096
184;1850;9.93783;88.4835;74.2049
185;1860;9.91827;88.6023;74.2991
186;1870;9.89892;88.7199;74.3924
187;1880;9.87976;88.8363;74.4847
188;1890;9.8608;88.9515;74.5761
189;1900;9.84204;89.0655;74.6665
190;1910;9.82347;89.1783;74.756
191;1920;9.80509;89.29;74.8446
192;1930;9.78691;89.4005;74.9322
193;1940;9.76891;89.5099;75.019
194;1950;9.7511;89.6181;75.1048
195;1960;9.73347;89.7252;75.1898
196;1970;9.71602;89.8312;75.2739
197;1980;9.69876;89.9361;75.3571
198;1990;9.68167;90.04;75.4394
199;2000;9.66476;90.1427;75.5209
200;2010;9.64802;90.2444;75.6016
201;2020;9.63146;90.345;75.6814
202;2030;9.61507;90.4446;75.7604
203;2040;9.59885;90.5432;75.8386
204;2050;9.58279;90.6408;75.916
205;2060;9.5669;90.7373;75.9926
206;2070;9.55118;90.8328;76.0683
207;2080;9.53562;90.9274;76.1433
208;2090;9.52022;91.021;76.2176
209;2100;9.50498;91.1136;76.291
210;2110;9.48989;91.2052;76.3637
211;2120;9.47496;91.296;76.4357
212;2130;9.46019;91.3857;76.5069
213;2140;9.44557;91.4746;76.5773
214;2150;9.4311;91.5625;76.6471
215;2160;9.41678;91.6495;76.7161
216;2170;9.40261;91.7356;76.7844
217;2180;9.38858;91.8208;76.852
218;2190;9.3747;91.9052;76.9189
219;2200;9.36096;91.9886;76.9851
220;2210;9.34737;92.0713;77.0506
221;2220;9.33391;92.153;77.1155
222;2230;9.3206;92.2339;77.1796
223;2240;9.30742;92.314;77.2432
224;2250;9.29438;92.3932;77.306
225;2260;9.28147;92.4717;77.3682
226;2270;9.2687;92.5493;77.4298
227;2280;9.25606;92.6261;77.4907
228;2290;9.24355;92.7021;77.551
229;2300;9.23116;92.7773;77.6107
230;2310;9.21891;92.8518;77.6697
231;2320;9.20678;92.9255;77.7282
232;2330;9.19478;92.9984;77.786
233;2340;9.18291;93.0706;77.8433
234;2350;9.17115;93.142;77.8999
235;2360;9.15952;93.2127;77.956
236;2370;9.14801;93.2826;78.0115
237;2380;9.13661;93.3519;78.0664
238;2390;9.12534;93.4204;78.1207
239;2400;9.11418;93.4882;78.1745
240;2410;9.10313;93.5553;78.2277
241;2420;9.0922;93.6217;78.2804
242;2430;9.08139;93.6874;78.3325
243;2440;9.07068;93.7525;78.3841
244;2450;9.06009;93.8168;78.4352
245;2460;9.0496;93.8805;78.4857
246;2470;9.03923;93.9436;78.5357
247;2480;9.02896;94.006;78.5852
248;2490;9.01879;94.0677;78.6342
249;2500;9.00874;94.1289;78.6827
250;2510;8.99878;94.1893;78.7306
251;2520;8.98893;94.2492;78.7781
252;2530;8.97918;94.3084;78.8251
253;2540;8.96953;94.3671;78.8716
254;2550;8.95999;94.4251;78.9176
255;2560;8.95054;94.4825;78.9632
256;2570;8.94118;94.5393;79.0082
257;2580;8.93193;94.5956;79.0529
258;2590;8.92277;94.6512;79.097
259;2600;8.9137;94.7063;79.1407
260;2610;8.90473;94.7608;79.1839
261;2620;8.89585;94.8148;79.2267
262;2630;8.88707;94.8682;79.2691
263;2640;8.87837;94.921;79.311
264;2650;8.86976;94.9733;79.3525
265;2660;8.86125;95.025;79.3935
266;2670;8.85282;95.0763;79.4341
267;2680;8.84448;95.127;79.4743
268;2690;8.83622;95.1771;79.5141
269;2700;8.82805;95.2268;79.5535
270;2710;8.81996;95.2759;79.5925
271;2720;8.81196;95.3245;79.631
272;2730;8.80404;95.3726;79.6692
273;2740;8.7962;95.4203;79.707
274;2750;8.78845;95.4674;79.7444
275;2760;8.78077;95.514;79.7814
276;2770;8.77317;95.5602;79.818
277;2780;8.76565;95.6059;79.8542
278;2790;8.75821;95.6511;79.8901
279;2800;8.75085;95.6958;79.9256
280;2810;8.74356;95.7401;79.9607
281;2820;8.73635;95.784;79.9955
282;2830;8.72921;95.8273;80.0299
283;2840;8.72215;95.8703;80.0639
284;2850;8.71516;95.9127;80.0976
285;2860;8.70824;95.9548;80.1309
286;2870;8.70139;95.9964;80.1639
287;2880;8.69461;96.0376;80.1966
288;2890;8.68791;96.0783;80.2289
289;2900;8.68127;96.1186;80.2609
290;2910;8.6747;96.1585;80.2926
291;2920;8.6682;96.198;80.3239
292;2930;8.66177;96.2371;80.3549
293;2940;8.6554;96.2758;80.3856
294;2950;8.6491;96.3141;80.416
295;2960;8.64286;96.352;80.446
296;2970;8.63669;96.3895;80.4758
297;2980;8.63058;96.4266;80.5052
298;2990;8.62454;96.4633;80.5343
299;3000;8.61856;96.4997;80.5632
300;3010;8.61264;96.5357;80.5917
301;3020;8.60678;96.5713;80.6199
302;3030;8.60098;96.6065;80.6479
303;3040;8.59524;96.6414;80.6755
304;3050;8.58956;96.6759;80.7029
305;3060;8.58394;96.71;80.73
306;3070;8.57838;96.7438;80.7568
307;3080;8.57287;96.7773;80.7833
308;3090;8.56743;96.8104;80.8096
309;3100;8.56203;96.8431;80.8356
310;3110;8.5567;96.8756;80.8613
311;3120;8.55142;96.9077;80.8867
312;3130;8.54619;96.9394;80.9119
313;3140;8.54102;96.9708;80.9369
314;3150;8.5359;97.0019;80.9615
315;3160;8.53083;97.0327;80.9859
316;3170;8.52582;97.0632;81.0101
317;3180;8.52086;97.0933;81.034
318;3190;8.51595;97.1232;81.0577
319;3200;8.51109;97.1527;81.0811
320;3210;8.50628;97.1819;81.1043
321;3220;8.50152;97.2108;81.1272
322;3230;8.49681;97.2395;81.1499
323;3240;8.49215;97.2678;81.1724
324;3250;8.48754;97.2958;81.1946
325;3260;8.48297;97.3236;81.2166
326;3270;8.47845;97.351;81.2384
327;3280;8.47398;97.3782;81.26
328;3290;8.46955;97.4051;81.2813
329;3300;8.46517;97.4317;81.3024
330;3310;8.46084;97.458;81.3233
331;3320;8.45655;97.4841;81.344
332;3330;8.4523;97.5099;81.3644
333;3340;8.4481;97.5354;81.3847
334;3350;8.44394;97.5607;81.4047
335;3360;8.43983;97.5857;81.4246
336;3370;8.43576;97.6104;81.4442
337;3380;8.43173;97.6349;81.4636
338;3390;8.42774;97.6592;81.4828
339;3400;8.42379;97.6831;81.5019
340;3410;8.41988;97.7069;81.5207
341;3420;8.41602;97.7304;81.5393
342;3430;8.41219;97.7536;81.5578
343;3440;8.4084;97.7766;81.576
344;3450;8.40466;97.7994;81.5941
345;3460;8.40095;97.8219;81.612
346;3470;8.39728;97.8443;81.6296
347;3480;8.39364;97.8663;81.6471
348;3490;8.39005;97.8882;81.6645
349;3500;8.38649;97.9098;81.6816
350;3510;8.38297;97.9312;81.6986
351;3520;8.37948;97.9524;81.7154
352;3530;8.37604;97.9733;81.732
353;3540;8.37262;97.9941;81.7485
354;3550;8.36924;98.0146;81.7647
355;3560;8.3659;98.0349;81.7809
356;3570;8.36259;98.055;81.7968
357;3580;8.35932;98.0749;81.8126
358;3590;8.35608;98.0946;81.8282
359;3600;8.35287;98.1141;81.8436
360;3610;8.3497;98.1333;81.8589
361;3620;8.34656;98.1524;81.8741
362;3630;8.34345;98.1713;81.8891
363;3640;8.34037;98.19;81.9039
364;3650;8.33733;98.2085;81.9186
365;3660;8.33432;98.2268;81.9331
366;3670;8.33133;98.2449;81.9475
367;3680;8.32838;98.2629;81.9617
368;3690;8.32546;98.2806;81.9758
369;3700;8.32257;98.2982;81.9897
370;3710;8.31971;98.3156;82.0035
371;3720;8.31688;98.3328;82.0171
372;3730;8.31408;98.3498;82.0306
373;3740;8.31131;98.3666;82.044
374;3750;8.30856;98.3833;82.0572
375;3760;8.30585;98.3998;82.0703
376;3770;8.30316;98.4161;82.0832
377;3780;8.3005;98.4323;82.0961
378;3790;8.29787;98.4483;82.1087
379;3800;8.29526;98.4641;82.1213
380;3810;8.29268;98.4798;82.1337
381;3820;8.29013;98.4953;82.146
382;3830;8.28761;98.5106;82.1582
383;3840;8.28511;98.5258;82.1702
384;3850;8.28264;98.5408;82.1822
385;3860;8.28019;98.5557;82.194
386;3870;8.27777;98.5704;82.2056
387;3880;8.27537;98.585;82.2172
388;3890;8.273;98.5994;82.2286
389;3900;8.27065;98.6137;82.2399
390;3910;8.26832;98.6278;82.2511
391;3920;8.26603;98.6418;82.2622
392;3930;8.26375;98.6556;82.2732
393;3940;8.2615;98.6693;82.284
394;3950;8.25927;98.6828;82.2948
395;3960;8.25706;98.6962;82.3054
396;3970;8.25488;98.7095;82.3159
397;3980;8.25272;98.7226;82.3263
398;3990;8.25058;98.7356;82.3366
399;4000;8.24846;98.7485;82.3468
400;4010;8.24637;98.7612;82.3569
401;4020;8.2443;98.7738;82.3669
402;4030;8.24225;98.7863;82.3768
403;4040;8.24022;98.7986;82.3866
404;4050;8.23821;98.8108;82.3963
405;4060;8.23622;98.8229;82.4059
406;4070;8.23425;98.8348;82.4153
407;4080;8.2323;98.8467;82.4247
408;4090;8.23038;98.8584;82.434
409;4100;8.22847;98.87;82.4432
410;4110;8.22658;98.8814;82.4523
411;4120;8.22471;98.8928;82.4613
412;4130;8.22286;98.904;82.4702
413;4140;8.22103;98.9151;82.479
414;4150;8.21922;98.9261;82.4878
415;4160;8.21743;98.937;82.4964
416;4170;8.21566;98.9478;82.505
417;4180;8.2139;98.9585;82.5134
418;4190;8.21217;98.969;82.5218
419;4200;8.21045;98.9795;82.5301
420;4210;8.20875;98.9898;82.5383
421;4220;8.20706;99;82.5464
422;4230;8.2054;99.0102;82.5544
423;4240;8.20375;99.0202;82.5624
424;4250;8.20212;99.0301;82.5702
425;4260;8.2005;99.0399;82.578
426;4270;8.1989;99.0496;82.5857
427;4280;8.19732;99.0592;82.5933
428;4290;8.19575;99.0687;82.6009
429;4300;8.1942;99.0782;82.6084
430;4310;8.19267;99.0875;82.6157
431;4320;8.19115;99.0967;82.6231
432;4330;8.18965;99.1058;82.6303
433;4340;8.18817;99.1149;82.6375
434;4350;8.18669;99.1238;82.6445
435;4360;8.18524;99.1326;82.6516
436;4370;8.1838;99.1414;82.6585
437;4380;8.18237;99.1501;82.6654
438;4390;8.18096;99.1586;82.6722
439;4400;8.17957;99.1671;82.6789
440;4410;8.17818;99.1755;82.6856
441;4420;8.17682;99.1838;82.6922
442;4430;8.17546;99.192;82.6987
443;4440;8.17412;99.2002;82.7051
444;4450;8.1728;99.2082;82.7115
445;4460;8.17148;99.2162;82.7179
446;4470;8.17019;99.2241;82.7241
447;4480;8.1689;99.2319;82.7303
448;4490;8.16763;99.2396;82.7364
449;4500;8.16637;99.2473;82.7425
450;4510;8.16512;99.2549;82.7485
451;4520;8.16389;99.2623;82.7544
452;4530;8.16267;99.2698;82.7603
453;4540;8.16146;99.2771;82.7661
454;4550;8.16027;99.2844;82.7719
455;4560;8.15909;99.2915;82.7776
456;4570;8.15792;99.2987;82.7832
457;4580;8.15676;99.3057;82.7888
458;4590;8.15561;99.3127;82.7943
459;4600;8.15448;99.3196;82.7998
460;4610;8.15336;99.3264;82.8052
461;4620;8.15224;99.3331;82.8106
462;4630;8.15114;99.3398;82.8159
463;4640;8.15006;99.3464;82.8211
464;4650;8.14898;99.353;82.8263
465;4660;8.14791;99.3594;82.8315
466;4670;8.14686;99.3658;82.8365
467;4680;8.14582;99.3722;82.8416
468;4690;8.14478;99.3785;82.8465
469;4700;8.14376;99.3847;82.8515
470;4710;8.14275;99.3908;82.8564
471;4720;8.14175;99.3969;82.8612
472;4730;8.14076;99.4029;82.866
473;4740;8.13977;99.4089;82.8707
474;4750;8.1388;99.4148;82.8754
475;4760;8.13784;99.4206;82.88
476;4770;8.13689;99.4264;82.8846
477;4780;8.13595;99.4321;82.8891
478;4790;8.13502;99.4378;82.8936
479;4800;8.1341;99.4434;82.898
480;4810;8.13319;99.4489;82.9024
481;4820;8.13228;99.4544;82.9068
482;4830;8.13139;99.4598;82.9111
483;4840;8.13051;99.4652;82.9153
484;4850;8.12963;99.4705;82.9196
485;4860;8.12877;99.4758;82.9237
486;4870;8.12791;99.481;82.9279
487;4880;8.12706;99.4861;82.932
488;4890;8.12622;99.4912;82.936
489;4900;8.12539;99.4963;82.94
490;4910;8.12457;99.5013;82.944
491;4920;8.12376;99.5062;82.9479
492;4930;8.12295;99.5111;82.9518
493;4940;8.12215;99.516;82.9556
494;4950;8.12137;99.5207;82.9594
495;4960;8.12059;99.5255;82.9632
496;4970;8.11981;99.5302;82.9669
497;4980;8.11905;99.5348;82.9706
498;4990;8.11829;99.5394;82.9742
499;5000;8.11754;99.544;82.9778
500;5010;8.1168;99.5485;82.9814
501;5020;8.11607;99.5529;82.9849
502;5030;8.11534;99.5573;82.9884
503;5040;8.11463;99.5617;82.9919
504;5050;8.11392;99.566;82.9953
505;5060;8.11321;99.5703;82.9987
506;5070;8.11252;99.5745;83.0021
507;5080;8.11183;99.5787;83.0054
508;5090;8.11115;99.5829;83.0087
509;5100;8.11047;99.587;83.0119
510;5110;8.1098;99.591;83.0151
511;5120;8.10914;99.595;83.0183
512;5130;8.10849;99.599;83.0215
513;5140;8.10784;99.6029;83.0246
514;5150;8.1072;99.6068;83.0277
515;5160;8.10657;99.6107;83.0307
516;5170;8.10594;99.6145;83.0338
517;5180;8.10532;99.6183;83.0367
518;5190;8.1047;99.622;83.0397
519;5200;8.1041;99.6257;83.0426
520;5210;8.10349;99.6293;83.0455
521;5220;8.1029;99.633;83.0484
522;5230;8.10231;99.6365;83.0512
523;5240;8.10173;99.6401;83.0541
524;5250;8.10115;99.6436;83.0568
525;5260;8.10058;99.6471;83.0596
526;5270;8.10001;99.6505;83.0623
527;5280;8.09945;99.6539;83.065
528;5290;8.0989;99.6573;83.0677
529;5300;8.09835;99.6606;83.0703
530;5310;8.09781;99.6639;83.0729
531;5320;8.09727;99.6672;83.0755
532;5330;8.09674;99.6704;83.0781
533;5340;8.09621;99.6736;83.0806
534;5350;8.09569;99.6767;83.0831
535;5360;8.09518;99.6799;83.0856
536;5370;8.09467;99.683;83.0881
537;5380;8.09416;99.686;83.0905
538;5390;8.09367;99.6891;83.0929
539;5400;8.09317;99.6921;83.0953
540;5410;8.09268;99.695;83.0976
541;5420;8.0922;99.698;83.1
542;5430;8.09172;99.7009;83.1023
543;5440;8.09125;99.7038;83.1046
544;5450;8.09078;99.7066;83.1068
545;5460;8.09031;99.7094;83.1091
546;5470;8.08985;99.7122;83.1113
547;5480;8.0894;99.715;83.1135
548;5490;8.08895;99.7177;83.1156
549;5500;8.0885;99.7204;83.1178
550;5510;8.08806;99.7231;83.1199
551;5520;8.08763;99.7258;83.122
552;5530;8.0872;99.7284;83.1241
553;5540;8.08677;99.731;83.1261
554;5550;8.08635;99.7335;83.1282
555;5560;8.08593;99.7361;83.1302
556;5570;8.08551;99.7386;83.1322
557;5580;8.0851;99.7411;83.1342
558;5590;8.0847;99.7436;83.1361
559;5600;8.0843;99.746;83.1381
560;5610;8.0839;99.7484;83.14
561;5620;8.08351;99.7508;83.1419
562;5630;8.08312;99.7532;83.1437
563;5640;8.08273;99.7555;83.1456
564;5650;8.08235;99.7578;83.1474
565;5660;8.08197;99.7601;83.1493
566;5670;8.0816;99.7624;83.151
567;5680;8.08123;99.7646;83.1528
568;5690;8.08087;99.7668;83.1546
569;5700;8.0805;99.769;83.1563
570;5710;8.08015;99.7712;83.1581
571;5720;8.07979;99.7734;83.1598
572;5730;8.07944;99.7755;83.1615
573;5740;8.0791;99.7776;83.1631
574;5750;8.07875;99.7797;83.1648
575;5760;8.07841;99.7817;83.1664
576;5770;8.07808;99.7838;83.168
577;5780;8.07774;99.7858;83.1696
578;5790;8.07741;99.7878;83.1712
579;5800;8.07709;99.7898;83.1728
580;5810;8.07676;99.7918;83.1744
581;5820;8.07645;99.7937;83.1759
582;5830;8.07613;99.7956;83.1774
583;5840;8.07582;99.7975;83.1789
584;5850;8.07551;99.7994;83.1804
585;5860;8.0752;99.8013;83.1819
586;5870;8.0749;99.8031;83.1834
587;5880;8.0746;99.8049;83.1848
588;5890;8.0743;99.8067;83.1862
589;5900;8.07401;99.8085;83.1876
590;5910;8.07372;99.8103;83.1891
591;5920;8.07343;99.812;83.1904
592;5930;8.07314;99.8138;83.1918
593;5940;8.07286;99.8155;83.1932
594;5950;8.07258;99.8172;83.1945
595;5960;8.07231;99.8188;83.1958
596;5970;8.07203;99.8205;83.1972
597;5980;8.07176;99.8221;83.1985
598;5990;8.0715;99.8238;83.1998
599;6000;8.07123;99.8254;83.201
600;6010;8.07097;99.827;83.2023
601;6020;8.07071;99.8285;83.2035
602;6030;8.07045;99.8301;83.2048
603;6040;8.0702;99.8317;83.206
604;6050;8.06995;99.8332;83.2072
605;6060;8.0697;99.8347;83.2084
606;6070;8.06945;99.8362;83.2096
607;6080;8.06921;99.8377;83.2108
608;6090;8.06897;99.8391;83.2119
609;6100;8.06873;99.8406;83.2131
610;6110;8.06849;99.842;83.2142
611;6120;8.06826;99.8434;83.2154
612;6130;8.06803;99.8448;83.2165
613;6140;8.0678;99.8462;83.2176
614;6150;8.06757;99.8476;83.2187
615;6160;8.06735;99.849;83.2197
616;6170;8.06713;99.8503;83.2208
617;6180;8.06691;99.8517;83.2219
618;6190;8.06669;99.853;83.2229
619;6200;8.06647;99.8543;83.224
620;6210;8.06626;99.8556;83.225
621;6220;8.06605;99.8569;83.226
622;6230;8.06584;99.8581;83.227
623;6240;8.06564;99.8594;83.228
624;6250;8.06543;99.8606;83.229
625;6260;8.06523;99.8619;83.23
626;6270;8.06503;99.8631;83.2309
627;6280;8.06483;99.8643;83.2319
628;6290;8.06464;99.8655;83.2328
629;6300;8.06444;99.8666;83.2338
630;6310;8.06425;99.8678;83.2347
631;6320;8.06406;99.869;83.2356
632;6330;8.06387;99.8701;83.2365
633;6340;8.06369;99.8712;83.2374
634;6350;8.0635;99.8723;83.2383
635;6360;8.06332;99.8735;83.2392
636;6370;8.06314;99.8745;83.24
637;6380;8.06296;99.8756;83.2409
638;6390;8.06278;99.8767;83.2417
639;6400;8.06261;99.8778;83.2426
640;6410;8.06244;99.8788;83.2434
641;6420;8.06227;99.8799;83.2442
642;6430;8.0621;99.8809;83.2451
643;6440;8.06193;99.8819;83.2459
644;6450;8.06176;99.8829;83.2467
645;6460;8.0616;99.8839;83.2475
646;6470;8.06144;99.8849;83.2482
647;6480;8.06127;99.8859;83.249
648;6490;8.06112;99.8868;83.2498
649;6500;8.06096;99.8878;83.2505
650;6510;8.0608;99.8887;83.2513
651;6520;8.06065;99.8897;83.252
652;6530;8.0605;99.8906;83.2528
653;6540;8.06034;99.8915;83.2535
654;6550;8.06019;99.8924;83.2542
655;6560;8.06005;99.8933;83.2549
656;6570;8.0599;99.8942;83.2556
657;6580;8.05976;99.8951;83.2563
658;6590;8.05961;99.896;83.257
659;6600;8.05947;99.8968;83.2577
660;6610;8.05933;99.8977;83.2584
661;6620;8.05919;99.8985;83.2591
662;6630;8.05905;99.8994;83.2597
663;6640;8.05892;99.9002;83.2604
664;6650;8.05878;99.901;83.261
665;6660;8.05865;99.9018;83.2617
666;6670;8.05852;99.9026;83.2623
667;6680;8.05839;99.9034;83.2629
668;6690;8.05826;99.9042;83.2636
669;6700;8.05813;99.905;83.2642
670;6710;8.058;99.9058;83.2648
671;6720;8.05788;99.9065;83.2654
672;6730;8.05775;99.9073;83.266
673;6740;8.05763;99.908;83.2666
674;6750;8.05751;99.9088;83.2672
675;6760;8.05739;99.9095;83.2677
676;6770;8.05727;99.9102;83.2683
677;6780;8.05715;99.9109;83.2689
678;6790;8.05704;99.9116;83.2694
679;6800;8.05692;99.9123;83.27
680;6810;8.05681;99.913;83.2706
681;6820;8.05669;99.9137;83.2711
682;6830;8.05658;99.9144;83.2716
683;6840;8.05647;99.9151;83.2722
684;6850;8.05636;99.9157;83.2727
685;6860;8.05625;99.9164;83.2732
686;6870;8.05615;99.917;83.2737
687;6880;8.05604;99.9177;83.2742
688;6890;8.05593;99.9183;83.2748
689;6900;8.05583;99.919;83.2753
690;6910;8.05573;99.9196;83.2758
691;6920;8.05563;99.9202;83.2762
692;6930;8.05552;99.9208;83.2767
693;6940;8.05543;99.9214;83.2772
694;6950;8.05533;99.922;83.2777
695;6960;8.05523;99.9226;83.2782
696;6970;8.05513;99.9232;83.2786
697;6980;8.05504;99.9238;83.2791
698;6990;8.05494;99.9244;83.2795
699;7000;8.05485;99.9249;83.28
700;7010;8.05476;99.9255;83.2804
701;7020;8.05466;99.926;83.2809
702;7030;8.05457;99.9266;83.2813
703;7040;8.05448;99.9271;83.2817
704;7050;8.05439;99.9277;83.2822
705;7060;8.05431;99.9282;83.2826
706;7070;8.05422;99.9288;83.283
707;7080;8.05413;99.9293;83.2834
708;7090;8.05405;99.9298;83.2838
709;7100;8.05396;99.9303;83.2843
710;7110;8.05388;99.9308;83.2847
711;7120;8.0538;99.9313;83.2851
712;7130;8.05371;99.9318;83.2855
713;7140;8.05363;99.9323;83.2858
714;7150;8.05355;99.9328;83.2862
715;7160;8.05347;99.9333;83.2866
716;7170;8.0534;99.9338;83.287
717;7180;8.05332;99.9342;83.2874
718;7190;8.05324;99.9347;83.2877
719;7200;8.05317;99.9352;83.2881
720;7210;8.05309;99.9356;83.2885
721;7220;8.05302;99.9361;83.2888
722;7230;8.05294;99.9365;83.2892
723;7240;8.05287;99.937;83.2895
724;7250;8.0528;99.9374;83.2899
725;7260;8.05272;99.9378;83.2902
726;7270;8.05265;99.9383;83.2906
727;7280;8.05258;99.9387;83.2909
728;7290;8.05251;99.9391;83.2912
729;7300;8.05245;99.9395;83.2916
730;7310;8.05238;99.9399;83.2919
731;7320;8.05231;99.9403;83.2922
732;7330;8.05224;99.9407;83.2925
733;7340;8.05218;99.9411;83.2929
734;7350;8.05211;99.9415;83.2932
735;7360;8.05205;99.9419;83.2935
736;7370;8.05199;99.9423;83.2938
737;7380;8.05192;99.9427;83.2941
738;7390;8.05186;99.9431;83.2944
739;7400;8.0518;99.9435;83.2947
740;7410;8.05174;99.9438;83.295
741;7420;8.05168;99.9442;83.2953
742;7430;8.05162;99.9446;83.2956
743;7440;8.05156;99.9449;83.2958
744;7450;8.0515;99.9453;83.2961
745;7460;8.05144;99.9456;83.2964
746;7470;8.05138;99.946;83.2967
747;7480;8.05133;99.9463;83.297
748;7490;8.05127;99.9467;83.2972
749;7500;8.05121;99.947;83.2975
750;7510;8.05116;99.9473;83.2978
751;7520;8.0511;99.9477;83.298
752;7530;8.05105;99.948;83.2983
753;7540;8.051;99.9483;83.2985
754;7550;8.05094;99.9487;83.2988
755;7560;8.05089;99.949;83.2991
756;7570;8.05084;99.9493;83.2993
757;7580;8.05079;99.9496;83.2996
758;7590;8.05074;99.9499;83.2998
759;7600;8.05069;99.9502;83.3
760;7610;8.05064;99.9505;83.3003
761;7620;8.05059;99.9508;83.3005
762;7630;8.05054;99.9511;83.3008
763;7640;8.05049;99.9514;83.301
764;7650;8.05044;99.9517;83.3012
765;7660;8.0504;99.952;83.3014
766;7670;8.05035;99.9523;83.3017
767;7680;8.0503;99.9525;83.3019
768;7690;8.05026;99.9528;83.3021
769;7700;8.05021;99.9531;83.3023
770;7710;8.05017;99.9534;83.3025
771;7720;8.05012;99.9536;83.3028
772;7730;8.05008;99.9539;83.303
773;7740;8.05004;99.9542;83.3032
774;7750;8.04999;99.9544;83.3034
775;7760;8.04995;99.9547;83.3036
776;7770;8.04991;99.9549;83.3038
777;7780;8.04987;99.9552;83.304
778;7790;8.04983;99.9554;83.3042
779;7800;8.04979;99.9557;83.3044
780;7810;8.04975;99.9559;83.3046
781;7820;8.04971;99.9562;83.3048
782;7830;8.04967;99.9564;83.305
783;7840;8.04963;99.9567;83.3052
784;7850;8.04959;99.9569;83.3053
785;7860;8.04955;99.9571;83.3055
786;7870;8.04951;99.9574;83.3057
787;7880;8.04947;99.9576;83.3059
788;7890;8.04944;99.9578;83.3061
789;7900;8.0494;99.958;83.3062
790;7910;8.04936;99.9583;83.3064
791;7920;8.04933;99.9585;83.3066
792;7930;8.04929;99.9587;83.3068
793;7940;8.04926;99.9589;83.3069
794;7950;8.04922;99.9591;83.3071
795;7960;8.04919;99.9593;83.3073
796;7970;8.04915;99.9595;83.3074
797;7980;8.04912;99.9597;83.3076
798;7990;8.04909;99.9599;83.3078
799;8000;8.04905;99.9601;83.3079
800;8010;8.04902;99.9603;83.3081
801;8020;8.04899;99.9605;83.3082
802;8030;8.04896;99.9607;83.3084
803;8040;8.04892;99.9609;83.3085
804;8050;8.04889;99.9611;83.3087
805;8060;8.04886;99.9613;83.3088
806;8070;8.04883;99.9615;83.309
807;8080;8.0488;99.9617;83.3091
808;8090;8.04877;99.9619;83.3093
809;8100;8.04874;99.962;83.3094
810;8110;8.04871;99.9622;83.3096
811;8120;8.04868;99.9624;83.3097
812;8130;8.04865;99.9626;83.3099
813;8140;8.04862;99.9628;83.31
814;8150;8.04859;99.9629;83.3101
815;8160;8.04857;99.9631;83.3103
816;8170;8.04854;99.9633;83.3104
817;8180;8.04851;99.9634;83.3105
818;8190;8.04848;99.9636;83.3107
819;8200;8.04846;99.9638;83.3108
820;8210;8.04843;99.9639;83.3109
821;8220;8.0484;99.9641;83.311
822;8230;8.04838;99.9642;83.3112
823;8240;8.04835;99.9644;83.3113
824;8250;8.04833;99.9646;83.3114
825;8260;8.0483;99.9647;83.3115
826;8270;8.04828;99.9649;83.3117
827;8280;8.04825;99.965;83.3118
828;8290;8.04823;99.9652;83.3119
829;8300;8.0482;99.9653;83.312
830;8310;8.04818;99.9655;83.3121
831;8320;8.04816;99.9656;83.3122
832;8330;8.04813;99.9657;83.3124
833;8340;8.04811;99.9659;83.3125
834;8350;8.04809;99.966;83.3126
835;8360;8.04806;99.9662;83.3127
836;8370;8.04804;99.9663;83.3128
837;8380;8.04802;99.9664;83.3129
838;8390;8.048;99.9666;83.313
839;8400;8.04797;99.9667;83.3131
840;8410;8.04795;99.9668;83.3132
841;8420;8.04793;99.967;83.3133
842;8430;8.04791;99.9671;83.3134
843;8440;8.04789;99.9672;83.3135
844;8450;8.04787;99.9673;83.3136
845;8460;8.04785;99.9675;83.3137
846;8470;8.04783;99.9676;83.3138
847;8480;8.04781;99.9677;83.3139
848;8490;8.04779;99.9678;83.314
849;8500;8.04777;99.968;83.3141
850;8510;8.04775;99.9681;83.3142
851;8520;8.04773;99.9682;83.3143
852;8530;8.04771;99.9683;83.3144
853;8540;8.04769;99.9684;83.3145
854;8550;8.04767;99.9685;83.3146
855;8560;8.04765;99.9686;83.3147
856;8570;8.04763;99.9688;83.3148
857;8580;8.04762;99.9689;83.3148
858;8590;8.0476;99.969;83.3149
859;8600;8.04758;99.9691;83.315
860;8610;8.04756;99.9692;83.3151
861;8620;8.04755;99.9693;83.3152
862;8630;8.04753;99.9694;83.3153
863;8640;8.04751;99.9695;83.3153
864;8650;8.04749;99.9696;83.3154
865;8660;8.04748;99.9697;83.3155
866;8670;8.04746;99.9698;83.3156
867;8680;8.04745;99.9699;83.3157
