0;10;21.2856;21.9927;21.4993
1;20;21.5949;22.7527;22.0066
2;30;21.9038;23.4921;22.5103
3;40;22.2099;24.2228;23.0091
4;50;22.5131;24.9463;23.5032
5;60;22.8134;25.6628;23.9926
6;70;23.1108;26.3725;24.4772
7;80;23.4054;27.0753;24.9572
8;90;23.6971;27.7713;25.4326
9;100;23.9861;28.4607;25.9035
10;110;24.2722;29.1435;26.3697
11;120;24.5556;29.8197;26.8316
12;130;24.8363;30.4893;27.2889
13;140;25.1143;31.1526;27.7419
14;150;25.3896;31.8095;28.1906
15;160;25.6623;32.4601;28.6349
16;170;25.9324;33.1044;29.0749
17;180;26.1998;33.7425;29.5107
18;190;26.4647;34.3745;29.9424
19;200;26.727;35.0005;30.3699
20;210;26.9869;35.6204;30.7932
21;220;27.2442;36.2343;31.2126
22;230;27.499;36.8424;31.6278
23;240;27.7515;37.4446;32.0391
24;250;28.0014;38.041;32.4465
25;260;28.249;38.6317;32.8499
26;270;28.4942;39.2167;33.2494
27;280;28.737;39.7961;33.6452
28;290;28.9776;40.37;34.0371
29;300;29.2158;40.9383;34.4252
30;310;29.4517;41.5012;34.8096
31;320;29.6853;42.0586;35.1903
32;330;29.9167;42.6107;35.5674
33;340;30.1459;43.1575;35.9408
34;350;30.3729;43.699;36.3107
35;360;30.5976;44.2354;36.677
36;370;30.8203;44.7666;37.0398
37;380;31.0408;45.2926;37.3991
38;390;31.2591;45.8137;37.7549
39;400;31.4754;46.3297;38.1073
40;410;31.6896;46.8407;38.4564
41;420;31.9018;47.3469;38.802
42;430;32.1119;47.8482;39.1444
43;440;32.3199;48.3446;39.4835
44;450;32.526;48.8363;39.8193
45;460;32.7301;49.3233;40.1519
46;470;32.9323;49.8056;40.4813
47;480;33.1325;50.2832;40.8075
48;490;33.3307;50.7563;41.1306
49;500;33.5271;51.2248;41.4506
50;510;33.7216;51.6889;41.7675
51;520;33.9142;52.1484;42.0813
52;530;34.105;52.6036;42.3922
53;540;34.2939;53.0544;42.7001
54;550;34.481;53.5008;43.005
55;560;34.6663;53.943;43.3069
56;570;34.8499;54.3809;43.606
57;580;35.0316;54.8146;43.9022
58;590;35.2117;55.2441;44.1956
59;600;35.39;55.6695;44.4861
60;610;35.5666;56.0908;44.7738
61;620;35.7414;56.5081;45.0588
62;630;35.9147;56.9213;45.3411
63;640;36.0862;57.3306;45.6206
64;650;36.2561;57.736;45.8974
65;660;36.4244;58.1374;46.1716
66;670;36.591;58.535;46.4432
67;680;36.756;58.9288;46.7121
68;690;36.9195;59.3188;46.9785
69;700;37.0814;59.7051;47.2423
70;710;37.2417;60.0876;47.5035
71;720;37.4005;60.4665;47.7623
72;730;37.5578;60.8417;48.0185
73;740;37.7135;61.2133;48.2723
74;750;37.8678;61.5814;48.5237
75;760;38.0206;61.9459;48.7727
76;770;38.1719;62.3069;49.0192
77;780;38.3217;62.6644;49.2634
78;790;38.4702;63.0185;49.5052
79;800;38.6171;63.3692;49.7448
80;810;38.7627;63.7166;49.982
81;820;38.9069;64.0606;50.2169
82;830;39.0497;64.4013;50.4496
83;840;39.1911;64.7387;50.68
84;850;39.3312;65.0729;50.9083
85;860;39.4699;65.4038;51.1343
86;870;39.6073;65.7316;51.3582
87;880;39.7433;66.0562;51.5799
88;890;39.8781;66.3778;51.7995
89;900;40.0115;66.6962;52.0169
90;910;40.1437;67.0116;52.2323
91;920;40.2746;67.3239;52.4456
92;930;40.4043;67.6332;52.6569
93;940;40.5327;67.9396;52.8661
94;950;40.6599;68.243;53.0734
95;960;40.7858;68.5435;53.2786
96;970;40.9105;68.8411;53.4819
97;980;41.0341;69.1359;53.6832
98;990;41.1564;69.4278;53.8826
99;1000;41.2776;69.7169;54.08
100;1010;41.3976;70.0033;54.2756
101;1020;41.5165;70.2869;54.4693
102;1030;41.6342;70.5677;54.6611
103;1040;41.7508;70.8459;54.8511
104;1050;41.8663;71.1214;55.0392
105;1060;41.9806;71.3942;55.2256
106;1070;42.0939;71.6645;55.4101
107;1080;42.206;71.9321;55.5929
108;1090;42.3171;72.1972;55.7739
109;1100;42.4272;72.4597;55.9532
110;1110;42.5361;72.7197;56.1308
111;1120;42.6441;72.9771;56.3066
112;1130;42.7509;73.2322;56.4808
113;1140;42.8568;73.4847;56.6533
114;1150;42.9616;73.7349;56.8241
115;1160;43.0655;73.9826;56.9933
116;1170;43.1683;74.228;57.1609
117;1180;43.2702;74.471;57.3268
118;1190;43.371;74.7116;57.4912
119;1200;43.4709;74.95;57.654
120;1210;43.5699;75.186;57.8152
121;1220;43.6678;75.4198;57.9749
122;1230;43.7649;75.6514;58.133
123;1240;43.861;75.8807;58.2896
124;1250;43.9562;76.1078;58.4448
125;1260;44.0505;76.3327;58.5984
126;1270;44.1438;76.5555;58.7505
127;1280;44.2363;76.7762;58.9012
128;1290;44.3279;76.9947;59.0505
129;1300;44.4186;77.2111;59.1983
130;1310;44.5084;77.4254;59.3446
131;1320;44.5974;77.6377;59.4896
132;1330;44.6855;77.8479;59.6332
133;1340;44.7728;78.0561;59.7754
134;1350;44.8592;78.2624;59.9162
135;1360;44.9448;78.4666;60.0557
136;1370;45.0296;78.6689;60.1939
137;1380;45.1136;78.8692;60.3307
138;1390;45.1967;79.0676;60.4662
139;1400;45.2791;79.2641;60.6004
140;1410;45.3606;79.4587;60.7333
141;1420;45.4414;79.6514;60.8649
142;1430;45.5214;79.8423;60.9953
143;1440;45.6007;80.0314;61.1244
144;1450;45.6791;80.2186;61.2523
145;1460;45.7569;80.4041;61.3789
146;1470;45.8338;80.5877;61.5044
147;1480;45.9101;80.7696;61.6286
148;1490;45.9856;80.9497;61.7516
149;1500;46.0604;81.1282;61.8735
150;1510;46.1344;81.3049;61.9942
151;1520;46.2078;81.4799;62.1137
152;1530;46.2804;81.6532;62.232
153;1540;46.3523;81.8248;62.3493
154;1550;46.4236;81.9948;62.4654
155;1560;46.4942;82.1632;62.5804
156;1570;46.5641;82.33;62.6943
157;1580;46.6333;82.4951;62.8071
158;1590;46.7018;82.6587;62.9188
159;1600;46.7697;82.8207;63.0294
160;1610;46.837;82.9811;63.139
161;1620;46.9036;83.14;63.2475
162;1630;46.9695;83.2974;63.355
163;1640;47.0348;83.4532;63.4614
164;1650;47.0995;83.6076;63.5668
165;1660;47.1636;83.7604;63.6712
166;1670;47.2271;83.9118;63.7746
167;1680;47.2899;84.0618;63.8771
168;1690;47.3522;84.2103;63.9785
169;1700;47.4138;84.3574;64.0789
170;1710;47.4749;84.5031;64.1784
171;1720;47.5353;84.6473;64.277
172;1730;47.5952;84.7902;64.3745
173;1740;47.6545;84.9317;64.4712
174;1750;47.7133;85.0719;64.5669
175;1760;47.7714;85.2107;64.6617
176;1770;47.8291;85.3482;64.7556
177;1780;47.8861;85.4843;64.8486
178;1790;47.9426;85.6191;64.9407
179;1800;47.9986;85.7527;65.0319
180;1810;48.0541;85.885;65.1222
181;1820;48.109;86.0159;65.2117
182;1830;48.1633;86.1457;65.3003
183;1840;48.2172;86.2742;65.388
184;1850;48.2705;86.4014;65.4749
185;1860;48.3233;86.5275;65.561
186;1870;48.3757;86.6523;65.6463
187;1880;48.4275;86.7759;65.7307
188;1890;48.4788;86.8983;65.8143
189;1900;48.5296;87.0196;65.8971
190;1910;48.5799;87.1397;65.9791
191;1920;48.6298;87.2586;66.0604
192;1930;48.6792;87.3764;66.1408
193;1940;48.728;87.4931;66.2205
194;1950;48.7765;87.6086;66.2994
195;1960;48.8244;87.723;66.3776
196;1970;48.8719;87.8364;66.455
197;1980;48.919;87.9486;66.5316
198;1990;48.9656;88.0598;66.6075
199;2000;49.0117;88.1699;66.6827
200;2010;49.0574;88.2789;66.7572
201;2020;49.1027;88.3869;66.8309
202;2030;49.1475;88.4938;66.904
203;2040;49.1919;88.5998;66.9763
204;2050;49.2359;88.7047;67.048
205;2060;49.2794;88.8086;67.1189
206;2070;49.3225;88.9115;67.1892
207;2080;49.3653;89.0134;67.2588
208;2090;49.4076;89.1143;67.3278
209;2100;49.4495;89.2143;67.396
210;2110;49.491;89.3133;67.4636
211;2120;49.5321;89.4113;67.5306
212;2130;49.5728;89.5085;67.5969
213;2140;49.6131;89.6046;67.6626
214;2150;49.653;89.6999;67.7277
215;2160;49.6925;89.7942;67.7921
216;2170;49.7317;89.8876;67.8559
217;2180;49.7705;89.9802;67.9191
218;2190;49.8089;90.0718;67.9817
219;2200;49.8469;90.1626;68.0437
220;2210;49.8846;90.2525;68.1051
221;2220;49.9219;90.3415;68.1659
222;2230;49.9589;90.4297;68.2261
223;2240;49.9955;90.517;68.2857
224;2250;50.0317;90.6035;68.3448
225;2260;50.0676;90.6891;68.4033
226;2270;50.1032;90.774;68.4612
227;2280;50.1384;90.858;68.5186
228;2290;50.1733;90.9412;68.5754
229;2300;50.2078;91.0236;68.6317
230;2310;50.242;91.1052;68.6875
231;2320;50.2759;91.1861;68.7427
232;2330;50.3094;91.2661;68.7974
233;2340;50.3427;91.3454;68.8515
234;2350;50.3756;91.4239;68.9051
235;2360;50.4082;91.5017;68.9583
236;2370;50.4405;91.5787;69.0109
237;2380;50.4724;91.655;69.063
238;2390;50.5041;91.7306;69.1146
239;2400;50.5355;91.8054;69.1657
240;2410;50.5665;91.8795;69.2163
241;2420;50.5973;91.9529;69.2664
242;2430;50.6277;92.0256;69.316
243;2440;50.6579;92.0976;69.3652
244;2450;50.6878;92.1689;69.4139
245;2460;50.7174;92.2395;69.4621
246;2470;50.7467;92.3094;69.5099
247;2480;50.7757;92.3787;69.5572
248;2490;50.8045;92.4473;69.604
249;2500;50.833;92.5152;69.6504
250;2510;50.8612;92.5825;69.6964
251;2520;50.8891;92.6491;69.7419
252;2530;50.9168;92.7151;69.787
253;2540;50.9442;92.7805;69.8316
254;2550;50.9713;92.8452;69.8758
255;2560;50.9982;92.9094;69.9196
256;2570;51.0248;92.9729;69.963
257;2580;51.0511;93.0357;70.0059
258;2590;51.0772;93.098;70.0485
259;2600;51.1031;93.1597;70.0906
260;2610;51.1287;93.2208;70.1323
261;2620;51.1541;93.2813;70.1737
262;2630;51.1792;93.3412;70.2146
263;2640;51.204;93.4006;70.2551
264;2650;51.2287;93.4594;70.2953
265;2660;51.2531;93.5176;70.335
266;2670;51.2772;93.5752;70.3744
267;2680;51.3012;93.6323;70.4134
268;2690;51.3249;93.6889;70.452
269;2700;51.3484;93.7449;70.4903
270;2710;51.3716;93.8004;70.5282
271;2720;51.3946;93.8553;70.5657
272;2730;51.4174;93.9097;70.6028
273;2740;51.44;93.9636;70.6396
274;2750;51.4624;94.017;70.6761
275;2760;51.4845;94.0698;70.7122
276;2770;51.5065;94.1222;70.7479
277;2780;51.5282;94.174;70.7834
278;2790;51.5497;94.2254;70.8184
279;2800;51.571;94.2762;70.8532
280;2810;51.5922;94.3266;70.8875
281;2820;51.6131;94.3765;70.9216
282;2830;51.6338;94.4259;70.9554
283;2840;51.6543;94.4748;70.9888
284;2850;51.6746;94.5233;71.0219
285;2860;51.6947;94.5712;71.0546
286;2870;51.7146;94.6188;71.0871
287;2880;51.7344;94.6659;71.1193
288;2890;51.7539;94.7125;71.1511
289;2900;51.7732;94.7586;71.1826
290;2910;51.7924;94.8044;71.2139
291;2920;51.8114;94.8497;71.2448
292;2930;51.8302;94.8945;71.2754
293;2940;51.8488;94.9389;71.3058
294;2950;51.8673;94.9829;71.3358
295;2960;51.8855;95.0265;71.3656
296;2970;51.9036;95.0697;71.3951
297;2980;51.9215;95.1124;71.4242
298;2990;51.9393;95.1547;71.4532
299;3000;51.9568;95.1967;71.4818
300;3010;51.9742;95.2382;71.5101
301;3020;51.9915;95.2793;71.5382
302;3030;52.0085;95.32;71.566
303;3040;52.0254;95.3604;71.5936
304;3050;52.0422;95.4003;71.6209
305;3060;52.0588;95.4399;71.6479
306;3070;52.0752;95.4791;71.6747
307;3080;52.0915;95.5179;71.7012
308;3090;52.1076;95.5563;71.7274
309;3100;52.1235;95.5944;71.7534
310;3110;52.1393;95.6321;71.7792
311;3120;52.155;95.6694;71.8047
312;3130;52.1705;95.7064;71.8299
313;3140;52.1858;95.743;71.8549
314;3150;52.201;95.7793;71.8797
315;3160;52.2161;95.8152;71.9042
316;3170;52.231;95.8508;71.9285
317;3180;52.2458;95.886;71.9526
318;3190;52.2604;95.9209;71.9764
319;3200;52.2749;95.9555;72
320;3210;52.2892;95.9897;72.0234
321;3220;52.3034;96.0236;72.0466
322;3230;52.3175;96.0572;72.0695
323;3240;52.3314;96.0905;72.0922
324;3250;52.3452;96.1234;72.1147
325;3260;52.3589;96.156;72.137
326;3270;52.3724;96.1883;72.159
327;3280;52.3859;96.2203;72.1809
328;3290;52.3991;96.252;72.2025
329;3300;52.4123;96.2834;72.224
330;3310;52.4253;96.3144;72.2452
331;3320;52.4382;96.3452;72.2662
332;3330;52.451;96.3757;72.287
333;3340;52.4637;96.4059;72.3076
334;3350;52.4762;96.4358;72.3281
335;3360;52.4886;96.4654;72.3483
336;3370;52.5009;96.4948;72.3683
337;3380;52.5131;96.5238;72.3882
338;3390;52.5251;96.5526;72.4078
339;3400;52.5371;96.5811;72.4273
340;3410;52.5489;96.6093;72.4466
341;3420;52.5606;96.6372;72.4656
342;3430;52.5722;96.6649;72.4845
343;3440;52.5837;96.6923;72.5033
344;3450;52.5951;96.7195;72.5218
345;3460;52.6063;96.7464;72.5402
346;3470;52.6175;96.773;72.5584
347;3480;52.6286;96.7994;72.5764
348;3490;52.6395;96.8255;72.5942
349;3500;52.6504;96.8514;72.6119
350;3510;52.6611;96.877;72.6294
351;3520;52.6717;96.9024;72.6467
352;3530;52.6823;96.9275;72.6639
353;3540;52.6927;96.9524;72.6809
354;3550;52.703;96.977;72.6977
355;3560;52.7133;97.0015;72.7144
356;3570;52.7234;97.0256;72.7309
357;3580;52.7334;97.0496;72.7473
358;3590;52.7434;97.0733;72.7635
359;3600;52.7532;97.0968;72.7795
360;3610;52.763;97.1201;72.7954
361;3620;52.7726;97.1431;72.8111
362;3630;52.7822;97.1659;72.8267
363;3640;52.7917;97.1885;72.8421
364;3650;52.801;97.2109;72.8574
365;3660;52.8103;97.2331;72.8726
366;3670;52.8195;97.255;72.8876
367;3680;52.8286;97.2768;72.9024
368;3690;52.8377;97.2983;72.9171
369;3700;52.8466;97.3196;72.9317
370;3710;52.8555;97.3407;72.9461
371;3720;52.8642;97.3617;72.9604
372;3730;52.8729;97.3824;72.9746
373;3740;52.8815;97.4029;72.9886
374;3750;52.89;97.4232;73.0024
375;3760;52.8985;97.4434;73.0162
376;3770;52.9068;97.4633;73.0298
377;3780;52.9151;97.483;73.0433
378;3790;52.9233;97.5026;73.0566
379;3800;52.9314;97.5219;73.0699
380;3810;52.9395;97.5411;73.083
381;3820;52.9474;97.5601;73.0959
382;3830;52.9553;97.5789;73.1088
383;3840;52.9631;97.5976;73.1215
384;3850;52.9708;97.616;73.1341
385;3860;52.9785;97.6343;73.1466
386;3870;52.9861;97.6524;73.159
387;3880;52.9936;97.6703;73.1712
388;3890;53.001;97.6881;73.1833
389;3900;53.0084;97.7057;73.1953
390;3910;53.0157;97.7231;73.2072
391;3920;53.0229;97.7403;73.219
392;3930;53.0301;97.7574;73.2307
393;3940;53.0372;97.7743;73.2422
394;3950;53.0442;97.7911;73.2537
395;3960;53.0512;97.8077;73.265
396;3970;53.058;97.8241;73.2762
397;3980;53.0649;97.8404;73.2873
398;3990;53.0716;97.8565;73.2983
399;4000;53.0783;97.8725;73.3093
400;4010;53.0849;97.8883;73.32
401;4020;53.0915;97.9039;73.3307
402;4030;53.098;97.9194;73.3413
403;4040;53.1044;97.9348;73.3518
404;4050;53.1108;97.95;73.3622
405;4060;53.1171;97.9651;73.3725
406;4070;53.1234;97.98;73.3827
407;4080;53.1296;97.9948;73.3928
408;4090;53.1357;98.0094;73.4028
409;4100;53.1418;98.0239;73.4127
410;4110;53.1478;98.0383;73.4225
411;4120;53.1538;98.0525;73.4322
412;4130;53.1597;98.0666;73.4418
413;4140;53.1655;98.0805;73.4513
414;4150;53.1713;98.0943;73.4608
415;4160;53.177;98.108;73.4701
416;4170;53.1827;98.1215;73.4794
417;4180;53.1883;98.135;73.4885
418;4190;53.1939;98.1482;73.4976
419;4200;53.1994;98.1614;73.5066
420;4210;53.2049;98.1744;73.5155
421;4220;53.2103;98.1874;73.5243
422;4230;53.2157;98.2001;73.533
423;4240;53.221;98.2128;73.5417
424;4250;53.2262;98.2253;73.5503
425;4260;53.2314;98.2378;73.5587
426;4270;53.2366;98.2501;73.5671
427;4280;53.2417;98.2622;73.5755
428;4290;53.2467;98.2743;73.5837
429;4300;53.2518;98.2863;73.5919
430;4310;53.2567;98.2981;73.6
431;4320;53.2616;98.3098;73.608
432;4330;53.2665;98.3214;73.6159
433;4340;53.2713;98.3329;73.6237
434;4350;53.2761;98.3443;73.6315
435;4360;53.2808;98.3556;73.6392
436;4370;53.2855;98.3668;73.6468
437;4380;53.2901;98.3778;73.6544
438;4390;53.2947;98.3888;73.6619
439;4400;53.2993;98.3996;73.6693
440;4410;53.3038;98.4104;73.6766
441;4420;53.3082;98.421;73.6839
442;4430;53.3127;98.4316;73.6911
443;4440;53.317;98.442;73.6982
444;4450;53.3214;98.4523;73.7053
445;4460;53.3257;98.4626;73.7123
446;4470;53.3299;98.4727;73.7192
447;4480;53.3341;98.4828;73.7261
448;4490;53.3383;98.4927;73.7329
449;4500;53.3424;98.5026;73.7396
450;4510;53.3465;98.5123;73.7463
451;4520;53.3505;98.522;73.7528
452;4530;53.3546;98.5315;73.7594
453;4540;53.3585;98.541;73.7659
454;4550;53.3625;98.5504;73.7723
455;4560;53.3664;98.5597;73.7786
456;4570;53.3702;98.5689;73.7849
457;4580;53.374;98.578;73.7911
458;4590;53.3778;98.5871;73.7973
459;4600;53.3816;98.596;73.8034
460;4610;53.3853;98.6049;73.8095
461;4620;53.389;98.6136;73.8155
462;4630;53.3926;98.6223;73.8214
463;4640;53.3962;98.6309;73.8273
464;4650;53.3998;98.6395;73.8331
465;4660;53.4033;98.6479;73.8389
466;4670;53.4068;98.6563;73.8446
467;4680;53.4103;98.6645;73.8502
468;4690;53.4137;98.6727;73.8558
469;4700;53.4171;98.6809;73.8614
470;4710;53.4205;98.6889;73.8669
471;4720;53.4239;98.6969;73.8723
472;4730;53.4272;98.7048;73.8777
473;4740;53.4304;98.7126;73.883
474;4750;53.4337;98.7203;73.8883
475;4760;53.4369;98.728;73.8935
476;4770;53.4401;98.7356;73.8987
477;4780;53.4432;98.7431;73.9039
478;4790;53.4463;98.7505;73.9089
479;4800;53.4494;98.7579;73.914
480;4810;53.4525;98.7652;73.919
481;4820;53.4555;98.7724;73.9239
482;4830;53.4585;98.7796;73.9288
483;4840;53.4615;98.7867;73.9337
484;4850;53.4644;98.7937;73.9385
485;4860;53.4674;98.8007;73.9432
486;4870;53.4703;98.8076;73.9479
487;4880;53.4731;98.8144;73.9526
488;4890;53.4759;98.8212;73.9572
489;4900;53.4788;98.8279;73.9618
490;4910;53.4815;98.8345;73.9663
491;4920;53.4843;98.8411;73.9708
492;4930;53.487;98.8476;73.9752
493;4940;53.4897;98.854;73.9796
494;4950;53.4924;98.8604;73.984
495;4960;53.495;98.8667;73.9883
496;4970;53.4977;98.873;73.9926
497;4980;53.5003;98.8792;73.9968
498;4990;53.5028;98.8853;74.001
499;5000;53.5054;98.8914;74.0051
500;5010;53.5079;98.8974;74.0093
501;5020;53.5104;98.9034;74.0133
502;5030;53.5129;98.9093;74.0174
503;5040;53.5153;98.9151;74.0214
504;5050;53.5178;98.9209;74.0253
505;5060;53.5202;98.9266;74.0292
506;5070;53.5225;98.9323;74.0331
507;5080;53.5249;98.938;74.037
508;5090;53.5272;98.9435;74.0408
509;5100;53.5295;98.949;74.0445
510;5110;53.5318;98.9545;74.0483
511;5120;53.5341;98.9599;74.052
512;5130;53.5364;98.9653;74.0556
513;5140;53.5386;98.9706;74.0592
514;5150;53.5408;98.9759;74.0628
515;5160;53.543;98.9811;74.0664
516;5170;53.5451;98.9862;74.0699
517;5180;53.5473;98.9913;74.0734
518;5190;53.5494;98.9964;74.0769
519;5200;53.5515;99.0014;74.0803
520;5210;53.5536;99.0064;74.0837
521;5220;53.5556;99.0113;74.087
522;5230;53.5577;99.0162;74.0904
523;5240;53.5597;99.021;74.0937
524;5250;53.5617;99.0258;74.0969
525;5260;53.5637;99.0305;74.1001
526;5270;53.5656;99.0352;74.1033
527;5280;53.5676;99.0398;74.1065
528;5290;53.5695;99.0444;74.1097
529;5300;53.5714;99.049;74.1128
530;5310;53.5733;99.0535;74.1158
531;5320;53.5752;99.0579;74.1189
532;5330;53.577;99.0623;74.1219
533;5340;53.5789;99.0667;74.1249
534;5350;53.5807;99.0711;74.1279
535;5360;53.5825;99.0754;74.1308
536;5370;53.5843;99.0796;74.1337
537;5380;53.586;99.0838;74.1366
538;5390;53.5878;99.088;74.1394
539;5400;53.5895;99.0921;74.1422
540;5410;53.5912;99.0962;74.145
541;5420;53.5929;99.1003;74.1478
542;5430;53.5946;99.1043;74.1505
543;5440;53.5963;99.1083;74.1533
544;5450;53.5979;99.1122;74.156
545;5460;53.5996;99.1161;74.1586
546;5470;53.6012;99.12;74.1613
547;5480;53.6028;99.1238;74.1639
548;5490;53.6044;99.1276;74.1664
549;5500;53.6059;99.1313;74.169
550;5510;53.6075;99.135;74.1715
551;5520;53.609;99.1387;74.1741
552;5530;53.6106;99.1424;74.1766
553;5540;53.6121;99.146;74.179
554;5550;53.6136;99.1495;74.1815
555;5560;53.6151;99.1531;74.1839
556;5570;53.6165;99.1566;74.1863
557;5580;53.618;99.1601;74.1886
558;5590;53.6194;99.1635;74.191
559;5600;53.6209;99.1669;74.1933
560;5610;53.6223;99.1703;74.1956
561;5620;53.6237;99.1736;74.1979
562;5630;53.6251;99.1769;74.2002
563;5640;53.6264;99.1802;74.2024
564;5650;53.6278;99.1835;74.2046
565;5660;53.6291;99.1867;74.2068
566;5670;53.6305;99.1898;74.209
567;5680;53.6318;99.193;74.2111
568;5690;53.6331;99.1961;74.2133
569;5700;53.6344;99.1992;74.2154
570;5710;53.6357;99.2023;74.2175
571;5720;53.637;99.2053;74.2195
572;5730;53.6382;99.2083;74.2216
573;5740;53.6395;99.2113;74.2236
574;5750;53.6407;99.2142;74.2256
575;5760;53.6419;99.2172;74.2276
576;5770;53.6431;99.2201;74.2296
577;5780;53.6443;99.2229;74.2316
578;5790;53.6455;99.2257;74.2335
579;5800;53.6467;99.2286;74.2354
580;5810;53.6479;99.2313;74.2373
581;5820;53.649;99.2341;74.2392
582;5830;53.6502;99.2368;74.2411
583;5840;53.6513;99.2395;74.2429
584;5850;53.6524;99.2422;74.2447
585;5860;53.6535;99.2448;74.2465
586;5870;53.6546;99.2475;74.2483
587;5880;53.6557;99.2501;74.2501
588;5890;53.6568;99.2526;74.2519
589;5900;53.6579;99.2552;74.2536
590;5910;53.6589;99.2577;74.2553
591;5920;53.66;99.2602;74.257
592;5930;53.661;99.2627;74.2587
593;5940;53.662;99.2652;74.2604
594;5950;53.6631;99.2676;74.2621
595;5960;53.6641;99.27;74.2637
596;5970;53.6651;99.2724;74.2653
597;5980;53.666;99.2747;74.267
598;5990;53.667;99.2771;74.2686
599;6000;53.668;99.2794;74.2701
